Oe6_s10896	gi|170652972|gb|CP001001.1|	88.92	767	83	2	1913	2678	1415450	1414685	0.0	944
Oe6_s10896	gi|170652972|gb|CP001001.1|	87.55	257	30	2	1611	1866	1415704	1415449	3e-75	296
Oe6_s10896	gi|828451590|gb|CP008714.1|	81.57	1150	204	8	1	1146	3442375	3441230	0.0	942
Oe6_s10896	gi|807234606|gb|CP011256.1|	82.23	1103	184	12	1	1097	3613255	3614351	0.0	941
Oe6_s10896	gi|569540043|gb|CP006644.1|	81.68	1146	194	14	1	1138	306022	304885	0.0	939
Oe6_s10896	gi|910827970|gb|CP012251.1|	82.16	1104	183	14	1	1097	4319480	4320576	0.0	935
Oe6_s10896	gi|1092256889|gb|CP017640.1|	88.66	767	85	2	1913	2678	1689576	1688811	0.0	933
Oe6_s10896	gi|1049472615|emb|LT604072.1|	81.30	1150	207	8	1	1146	1089650	1090795	0.0	926
Oe6_s10896	gi|1127864182|gb|CP015367.1|	88.27	767	88	2	1913	2678	1058293	1057528	0.0	917
Oe6_s10896	gi|1127864182|gb|CP015367.1|	85.71	266	36	2	1602	1866	1058556	1058292	3e-70	279
Oe6_s10896	gi|1061224965|gb|CP014168.1|	81.57	1123	195	12	1	1117	1733041	1734157	0.0	917
Oe6_s10896	gi|689271676|gb|CP003811.1|	88.14	767	89	2	1913	2678	1740412	1739647	0.0	911
Oe6_s10896	gi|689271676|gb|CP003811.1|	86.47	266	34	2	1602	1866	1740675	1740411	1e-73	291
Oe6_s10896	gi|1215512119|gb|CP022267.1|	80.94	1175	197	27	1	1160	344944	343782	0.0	904
Oe6_s10896	gi|346647687|gb|CP002914.1|	80.79	1171	206	19	1	1160	323808	322646	0.0	898
Oe6_s10896	gi|1215516246|gb|CP022270.1|	80.75	1174	201	25	1	1160	331599	330437	0.0	893
Oe6_s10896	gi|1148989189|gb|CP019725.1|	80.72	1172	205	21	1	1160	2483188	2484350	0.0	893
Oe6_s10896	gi|1120747465|gb|CP018475.1|	80.72	1172	205	21	1	1160	3071914	3073076	0.0	893
Oe6_s10896	gi|1015423597|gb|CP012002.1|	80.77	1175	199	27	1	1160	1295504	1294342	0.0	893
Oe6_s10896	gi|1015419242|gb|CP011163.1|	80.77	1175	199	27	1	1160	329664	328502	0.0	893
Oe6_s10896	gi|1015414894|gb|CP011160.1|	80.77	1175	199	27	1	1160	328357	327195	0.0	893
Oe6_s10896	gi|1120738584|gb|CP018467.1|	80.63	1172	206	21	1	1160	4227590	4228752	0.0	887
Oe6_s10896	gi|1092211679|gb|CP017190.1|	80.63	1172	206	21	1	1160	3876194	3875032	0.0	887
Oe6_s10896	gi|78033986|emb|AM039952.1|	80.63	1172	206	21	1	1160	353216	352054	0.0	887
Oe6_s10896	gi|1215507341|gb|CP022263.1|	80.58	1174	203	25	1	1160	5204759	5205921	0.0	881
Oe6_s10896	gi|549143970|emb|FO681494.1|	80.41	1174	205	25	1	1160	319921	318759	0.0	870
Oe6_s10896	gi|1243291628|gb|CP023294.1|	80.32	1174	206	25	1	1160	375455	374293	0.0	867
Oe6_s10896	gi|1192732410|gb|CP020889.1|	80.29	1157	206	22	1	1146	1315664	1316809	0.0	854
Oe6_s10896	gi|1192727690|gb|CP020882.1|	80.29	1157	206	22	1	1146	5033287	5034432	0.0	854
Oe6_s10896	gi|1192722855|gb|CP020885.1|	80.29	1157	206	22	1	1146	4905251	4904106	0.0	854
Oe6_s10896	gi|1125898614|gb|CP018858.1|	80.29	1157	206	22	1	1146	3292245	3293390	0.0	854
Oe6_s10896	gi|1125893941|gb|CP018854.1|	80.29	1157	206	22	1	1146	670389	669244	0.0	854
Oe6_s10896	gi|1125889247|gb|CP018850.1|	80.29	1157	206	22	1	1146	3340185	3339040	0.0	854
Oe6_s10896	gi|1125884587|gb|CP018847.1|	80.29	1157	206	22	1	1146	5153041	5154186	0.0	854
Oe6_s10896	gi|1009330446|gb|CP011827.2|	80.29	1157	206	22	1	1146	357690	356545	0.0	854
Oe6_s10896	gi|780546954|gb|CP008989.1|	80.29	1157	206	22	1	1146	357683	356538	0.0	854
Oe6_s10896	gi|780536795|gb|CP008995.1|	80.29	1157	206	22	1	1146	357682	356537	0.0	854
Oe6_s10896	gi|780510932|gb|CP009010.1|	80.29	1157	206	22	1	1146	357683	356538	0.0	854
Oe6_s10896	gi|780505851|gb|CP009013.1|	80.29	1157	206	22	1	1146	357683	356538	0.0	854
Oe6_s10896	gi|780490765|gb|CP009022.1|	80.29	1157	206	22	1	1146	357682	356537	0.0	854
Oe6_s10896	gi|780475693|gb|CP009031.1|	80.29	1157	206	22	1	1146	820102	818957	0.0	854
Oe6_s10896	gi|780541876|gb|CP008992.1|	80.29	1157	206	22	1	1146	357683	356538	0.0	854
Oe6_s10896	gi|780531534|gb|CP008998.1|	80.29	1157	206	22	1	1146	357683	356538	0.0	854
Oe6_s10896	gi|780526581|gb|CP009001.1|	80.29	1157	206	22	1	1146	357683	356538	0.0	854
Oe6_s10896	gi|780521240|gb|CP009004.1|	80.29	1157	206	22	1	1146	357683	356538	0.0	854
Oe6_s10896	gi|780516097|gb|CP009007.1|	80.29	1157	206	22	1	1146	357676	356531	0.0	854
Oe6_s10896	gi|780485815|gb|CP009025.1|	80.29	1157	206	22	1	1146	357680	356535	0.0	854
Oe6_s10896	gi|780481146|gb|CP009028.1|	80.29	1157	206	22	1	1146	357682	356537	0.0	854
Oe6_s10896	gi|780470809|gb|CP009034.1|	80.29	1157	206	22	1	1146	820100	818955	0.0	854
Oe6_s10896	gi|780465790|gb|CP009037.1|	80.29	1157	206	22	1	1146	820101	818956	0.0	854
Oe6_s10896	gi|780460844|gb|CP009040.1|	80.29	1157	206	22	1	1146	820051	818906	0.0	854
Oe6_s10896	gi|745818226|gb|CP006857.1|	80.29	1157	206	22	1	1146	357676	356531	0.0	854
Oe6_s10896	gi|471209079|gb|CP003778.1|	80.29	1157	206	22	1	1146	820285	819140	0.0	854
Oe6_s10896	gi|469765121|gb|CP004399.1|	80.29	1157	206	22	1	1146	358893	357748	0.0	854
Oe6_s10896	gi|21240769|gb|AE008923.1|	80.29	1157	206	22	1	1146	357682	356537	0.0	854
Oe6_s10896	gi|1240664241|gb|CP023159.1|	80.21	1157	207	22	1	1146	354209	353064	0.0	848
Oe6_s10896	gi|1240659873|gb|CP023155.1|	80.21	1157	207	22	1	1146	4871004	4872149	0.0	848
Oe6_s10896	gi|1219791829|gb|CP013004.1|	80.21	1157	207	22	1	1146	4815174	4816319	0.0	848
Oe6_s10896	gi|1062068087|gb|CP017020.1|	80.21	1157	207	22	1	1146	354209	353064	0.0	848
Oe6_s10896	gi|780500914|gb|CP009016.1|	80.21	1157	207	22	1	1146	357683	356538	0.0	848
Oe6_s10896	gi|780495607|gb|CP009019.1|	80.21	1157	207	22	1	1146	357683	356538	0.0	848
Oe6_s10896	gi|1219796061|gb|CP013006.1|	80.12	1157	208	22	1	1146	4784366	4785511	0.0	843
Oe6_s10896	gi|1199791198|gb|CP015972.1|	80.12	1157	208	22	1	1146	388741	387596	0.0	843
Oe6_s10896	gi|1092206780|gb|CP017188.1|	80.12	1157	208	22	1	1146	46568	47713	0.0	843
Oe6_s10896	gi|21166373|gb|AE008922.1|	80.63	1105	193	19	4	1098	347869	346776	0.0	835
Oe6_s10896	gi|66571684|gb|CP000050.1|	80.63	1105	193	19	4	1098	348478	347385	0.0	835
Oe6_s10896	gi|928198021|gb|CP011946.1|	80.49	1102	200	14	4	1098	332904	331811	0.0	830
Oe6_s10896	gi|902825171|gb|CP012146.1|	80.49	1102	200	14	4	1098	339837	338744	0.0	830
Oe6_s10896	gi|167731156|emb|AM920689.1|	80.51	1103	198	16	4	1098	342960	341867	0.0	830
Oe6_s10896	gi|902821146|gb|CP012145.1|	80.42	1103	199	16	4	1098	334560	333467	0.0	824
Oe6_s10896	gi|998634084|gb|CP014347.1|	79.74	1155	216	18	1	1146	1269514	1268369	0.0	821
Oe6_s10896	gi|1120828983|gb|CP018728.1|	79.65	1155	217	18	1	1146	179266	180411	0.0	815
Oe6_s10896	gi|1239648193|gb|CP016878.1|	79.57	1155	218	18	1	1146	3967431	3966286	0.0	809
Oe6_s10896	gi|1120833476|gb|CP018731.1|	79.57	1155	218	18	1	1146	5102252	5103397	0.0	809
Oe6_s10896	gi|341934791|gb|CP002789.1|	80.04	1102	205	14	4	1098	4534880	4535973	0.0	802
Oe6_s10896	gi|1150863295|gb|CP011532.1|	79.41	1151	221	16	4	1146	4660266	4661408	0.0	798
Oe6_s10896	gi|1070477450|gb|CP013679.1|	79.41	1151	221	16	4	1146	4646476	4647618	0.0	798
Oe6_s10896	gi|1070473073|gb|CP013678.1|	79.41	1151	221	16	4	1146	4628031	4629173	0.0	798
Oe6_s10896	gi|1070468843|gb|CP013677.1|	79.41	1151	221	16	4	1146	4649969	4651111	0.0	798
Oe6_s10896	gi|1070464697|gb|CP013676.1|	79.41	1151	221	16	4	1146	4656620	4657762	0.0	798
Oe6_s10896	gi|1070456360|gb|CP013674.1|	79.41	1151	221	16	4	1146	450454	449312	0.0	798
Oe6_s10896	gi|1070452196|gb|CP013961.1|	79.41	1151	221	16	4	1146	451406	450264	0.0	798
Oe6_s10896	gi|1070448067|gb|CP013670.1|	79.41	1151	221	16	4	1146	4602710	4603852	0.0	798
Oe6_s10896	gi|856762632|gb|CP011962.1|	79.41	1151	221	16	4	1146	4905539	4904397	0.0	798
Oe6_s10896	gi|856746546|gb|CP011959.1|	79.41	1151	221	16	4	1146	79294	80436	0.0	798
Oe6_s10896	gi|856741009|gb|CP011958.1|	79.41	1151	221	16	4	1146	79293	80435	0.0	798
Oe6_s10896	gi|854884118|gb|CP000967.2|	79.41	1151	221	16	4	1146	452957	451815	0.0	798
Oe6_s10896	gi|828447807|gb|CP007810.1|	79.41	1151	221	16	4	1146	4208165	4207023	0.0	798
Oe6_s10896	gi|765199922|gb|CP007166.1|	79.41	1151	221	16	4	1146	452452	451310	0.0	798
Oe6_s10896	gi|764027484|gb|CP007221.1|	79.41	1151	221	16	4	1146	82608	83750	0.0	798
Oe6_s10896	gi|84365597|dbj|AP008229.1|	79.41	1151	221	16	4	1146	4634440	4635582	0.0	798
Oe6_s10896	gi|58424217|gb|AE013598.1|	79.41	1151	221	16	4	1146	4638387	4639529	0.0	798
Oe6_s10896	gi|1070460553|gb|CP013675.1|	79.32	1151	222	16	4	1146	436838	435696	0.0	793
Oe6_s10896	gi|975017341|gb|CP012947.1|	79.32	1151	222	16	4	1146	450806	449664	0.0	793
Oe6_s10896	gi|856757157|gb|CP011961.1|	79.32	1151	222	16	4	1146	76962	78104	0.0	793
Oe6_s10896	gi|856752124|gb|CP011960.1|	79.32	1151	222	16	4	1146	76963	78105	0.0	793
Oe6_s10896	gi|856735962|gb|CP011957.1|	79.32	1151	222	16	4	1146	128831	127689	0.0	793
Oe6_s10896	gi|856731905|gb|CP011956.1|	79.32	1151	222	16	4	1146	76963	78105	0.0	793
Oe6_s10896	gi|856727845|gb|CP011955.1|	79.32	1151	222	16	4	1146	76960	78102	0.0	793
Oe6_s10896	gi|854958603|gb|CP003057.2|	79.32	1151	222	16	4	1146	4767866	4766724	0.0	793
Oe6_s10896	gi|357433120|gb|CP003093.2|	79.76	1102	213	10	1	1097	1935248	1934152	0.0	791
Oe6_s10896	gi|761896199|gb|CP010836.1|	79.30	1140	222	14	1	1133	767862	768994	0.0	785
Oe6_s10896	gi|1120824564|gb|CP018725.1|	78.82	1190	228	24	1	1178	3271373	3270196	0.0	780
Oe6_s10896	gi|961754524|gb|CP013666.1|	79.06	1151	225	16	4	1146	4442089	4443231	0.0	776
Oe6_s10896	gi|1015406133|gb|CP013344.1|	78.94	1154	227	16	1	1146	1129520	1130665	0.0	771
Oe6_s10896	gi|938154877|gb|CP009429.1|	78.94	1154	227	16	1	1146	1128945	1130090	0.0	771
Oe6_s10896	gi|1120742990|gb|CP018470.1|	79.35	1104	214	14	1	1097	3673029	3671933	0.0	763
Oe6_s10896	gi|1240583372|gb|CP022746.1|	77.36	1122	240	14	4	1118	561787	562901	0.0	652
Oe6_s10896	gi|365182479|emb|HE616899.1|	81.88	734	123	8	1925	2653	1965869	1966597	9e-170	610
Oe6_s10896	gi|209529865|gb|CP001189.1|	76.66	1097	234	19	1	1086	1035448	1034363	4e-163	588
Oe6_s10896	gi|209529865|gb|CP001189.1|	76.45	1100	231	26	1	1086	235941	234856	4e-158	571
Oe6_s10896	gi|227337257|gb|CP000874.1|	81.14	737	123	15	1925	2653	259988	259260	9e-160	577
Oe6_s10896	gi|333936648|emb|FR856861.1|	76.47	1088	238	18	1	1079	650877	651955	3e-159	575
Oe6_s10896	gi|1182267277|gb|CP020739.1|	80.77	749	128	14	1913	2653	253921	253181	4e-158	571
Oe6_s10896	gi|1240632005|gb|CP023071.1|	80.79	734	131	8	1925	2653	2157166	2157894	2e-156	566
Oe6_s10896	gi|1061611200|gb|CP013402.1|	79.90	776	137	16	1913	2679	142582	141817	5e-152	551
Oe6_s10896	gi|1061625201|gb|CP013405.1|	79.77	776	138	16	1913	2679	800265	799500	3e-150	545
Oe6_s10896	gi|1032561667|gb|CP015744.1|	82.48	548	89	5	1912	2456	100801	101344	1e-128	473
Oe6_s10896	gi|685650049|gb|CP007779.1|	78.24	740	151	6	1913	2647	480330	481064	2e-126	466
Oe6_s10896	gi|1061714393|gb|CP013437.1|	77.97	740	153	6	1913	2647	505844	506578	4e-123	455
Oe6_s10896	gi|808740283|gb|CP011301.1|	78.15	737	145	14	1913	2641	829274	830002	4e-123	455
Oe6_s10896	gi|773015509|gb|CP009794.1|	78.15	737	145	14	1913	2641	298071	298799	4e-123	455
Oe6_s10896	gi|146400702|gb|CP000697.1|	77.90	751	144	21	1913	2652	708352	707613	7e-121	448
Oe6_s10896	gi|325049009|dbj|AP012035.1|	77.69	753	144	23	1913	2653	1397328	1398068	4e-118	438
Oe6_s10896	gi|631776901|emb|HG322950.1|	77.29	731	137	23	1938	2652	3313637	3314354	2e-107	403
Oe6_s10896	gi|1189125421|gb|CP021032.1|	79.26	593	110	11	1909	2496	308546	307962	6e-107	401
Oe6_s10896	gi|1189347090|gb|CP021026.1|	79.20	577	107	10	1925	2496	72582	72014	5e-103	388
Oe6_s10896	gi|1037420226|gb|CP013597.1|	78.96	594	108	14	1910	2496	90524	89941	5e-103	388
Oe6_s10896	gi|1037414049|gb|CP013591.1|	78.96	594	108	14	1910	2496	90884	90301	5e-103	388
Oe6_s10896	gi|1037283953|gb|CP013518.1|	78.96	594	108	14	1910	2496	90884	90301	5e-103	388
Oe6_s10896	gi|1037278100|gb|CP013513.1|	78.96	594	108	14	1910	2496	90278	89695	5e-103	388
Oe6_s10896	gi|1037271978|gb|CP013507.1|	78.96	594	108	14	1910	2496	90524	89941	5e-103	388
Oe6_s10896	gi|1037265806|gb|CP013501.1|	78.96	594	108	14	1910	2496	90884	90301	5e-103	388
Oe6_s10896	gi|1037259672|gb|CP013496.1|	78.96	594	108	14	1910	2496	90884	90301	5e-103	388
Oe6_s10896	gi|1037253617|gb|CP013491.1|	78.96	594	108	14	1910	2496	90884	90301	5e-103	388
Oe6_s10896	gi|1037247817|gb|CP013603.1|	78.96	594	108	14	1910	2496	90278	89695	5e-103	388
Oe6_s10896	gi|891167357|gb|KR057702.1|	80.08	527	97	7	1920	2442	29515	28993	6e-102	385
Oe6_s10896	gi|1190832759|gb|CP021128.1|	78.96	575	112	6	1925	2496	66565	65997	2e-101	383
Oe6_s10896	gi|1023372195|gb|CP015422.1|	76.21	765	159	18	1917	2675	63760	63013	2e-101	383
Oe6_s10896	gi|1023367749|gb|CP015419.1|	76.21	765	159	18	1917	2675	63860	63113	2e-101	383
Oe6_s10896	gi|744805257|gb|CP007645.1|	78.96	575	112	6	1925	2496	66547	65979	2e-101	383
Oe6_s10896	gi|145573243|gb|CP000680.1|	77.46	639	135	9	1925	2558	2249889	2249255	1e-98	374
Oe6_s10896	gi|573471451|gb|CP007049.1|	79.42	520	99	8	1910	2425	9458	9973	1e-94	361
Oe6_s10896	gi|1061585218|gb|CP013389.1|	78.29	585	108	17	1920	2496	3631484	3630911	4e-94	359
Oe6_s10896	gi|1061520595|gb|CP013358.1|	78.22	583	112	14	1920	2496	3302125	3301552	4e-94	359
Oe6_s10896	gi|772970135|gb|CP009555.1|	78.22	583	112	14	1920	2496	832416	831843	4e-94	359
Oe6_s10896	gi|546336137|gb|CP006667.1|	79.20	524	102	7	1919	2438	617786	618306	1e-93	357
Oe6_s10896	gi|770478678|dbj|AP014802.1|	75.52	764	166	16	1917	2675	29599	28852	5e-93	355
Oe6_s10896	gi|1061516900|gb|CP013357.1|	78.04	583	113	14	1920	2496	3357776	3357203	2e-92	353
Oe6_s10896	gi|685677664|gb|CP008726.1|	78.04	583	113	14	1920	2496	324908	325481	2e-92	353
Oe6_s10896	gi|1061577340|gb|CP013386.1|	78.07	579	112	13	1924	2496	963424	963993	6e-92	351
Oe6_s10896	gi|170937689|emb|CU633749.1|	76.99	652	124	23	1919	2560	575714	576349	2e-91	350
Oe6_s10896	gi|1086053277|emb|LT629797.1|	78.71	526	109	3	1925	2448	1555543	1556067	8e-91	348
Oe6_s10896	gi|1061607018|gb|CP013401.1|	77.72	579	122	6	1920	2496	2900612	2900039	8e-91	348
Oe6_s10896	gi|1010930018|gb|CP014844.1|	77.61	594	120	13	1919	2507	913527	914112	8e-91	348
Oe6_s10896	gi|1229741568|gb|CP021764.1|	78.10	580	104	19	1938	2507	2742373	2741807	3e-90	346
Oe6_s10896	gi|299070035|emb|FP885897.1|	78.14	581	102	21	1938	2507	898014	898580	3e-90	346
Oe6_s10896	gi|299065054|emb|FP885895.1|	76.25	741	125	40	1938	2657	895933	896643	3e-90	346
Oe6_s10896	gi|472247168|gb|CP004143.1|	75.62	726	158	15	1938	2652	2571939	2571222	4e-89	342
Oe6_s10896	gi|1231145746|gb|CP022702.1|	76.11	741	126	38	1938	2657	908280	908990	1e-88	340
Oe6_s10896	gi|1216643402|gb|CP016914.1|	76.11	741	126	38	1938	2657	2412713	2413423	1e-88	340
Oe6_s10896	gi|1199078887|gb|CP021448.1|	76.11	741	126	38	1938	2657	3887326	3886616	1e-88	340
Oe6_s10896	gi|1111823679|gb|CP015115.1|	76.11	741	126	38	1938	2657	1009845	1010555	1e-88	340
Oe6_s10896	gi|1102799155|gb|CP009764.1|	76.11	741	126	38	1938	2657	2829411	2828701	1e-88	340
Oe6_s10896	gi|1057954223|gb|CP016904.1|	76.11	741	126	38	1938	2657	2262104	2261394	1e-88	340
Oe6_s10896	gi|1036552369|gb|CP015850.1|	76.11	741	126	38	1938	2657	1038373	1039083	1e-88	340
Oe6_s10896	gi|973218516|gb|CP013730.1|	77.36	592	123	10	1920	2507	1147005	1147589	1e-88	340
Oe6_s10896	gi|959677888|emb|LN899822.1|	76.11	741	126	38	1938	2657	1774788	1774078	1e-88	340
Oe6_s10896	gi|959672264|emb|LN899820.1|	76.11	741	126	38	1938	2657	1570901	1570191	1e-88	340
Oe6_s10896	gi|959230911|emb|LN899826.1|	76.11	741	126	38	1938	2657	2306560	2307270	1e-88	340
Oe6_s10896	gi|959225436|emb|LN899825.1|	76.11	741	126	38	1938	2657	5033173	5033883	1e-88	340
Oe6_s10896	gi|959220006|emb|LN899824.1|	76.11	741	126	38	1938	2657	3870847	3870137	1e-88	340
Oe6_s10896	gi|959214650|emb|LN899823.1|	76.11	741	126	38	1938	2657	2567640	2566930	1e-88	340
Oe6_s10896	gi|959209244|emb|LN899821.1|	76.11	741	126	38	1938	2657	2945877	2946587	1e-88	340
Oe6_s10896	gi|916490054|gb|CP011997.1|	76.11	741	126	38	1938	2657	1003340	1002630	1e-88	340
Oe6_s10896	gi|469772332|gb|CP004012.1|	76.11	741	126	38	1938	2657	2666192	2665482	1e-88	340
Oe6_s10896	gi|1229736566|gb|CP021762.1|	75.98	741	127	38	1938	2657	2742175	2741465	6e-87	335
Oe6_s10896	gi|1196079608|gb|CP016612.1|	75.98	741	127	38	1938	2657	2815029	2814319	6e-87	335
Oe6_s10896	gi|1109342608|gb|CP016554.1|	75.98	741	127	38	1938	2657	1019685	1020395	6e-87	335
Oe6_s10896	gi|30407127|emb|AL646052.1|	75.98	741	127	38	1938	2657	2742156	2741446	6e-87	335
Oe6_s10896	gi|1098522733|gb|CP017561.1|	77.62	563	115	10	1938	2496	3612210	3612765	8e-86	331
Oe6_s10896	gi|1061557599|gb|CP013375.1|	77.03	592	125	10	1920	2507	3051816	3051232	3e-85	329
Oe6_s10896	gi|1004328794|gb|CP014702.1|	81.55	412	64	10	1938	2343	898306	898711	3e-85	329
Oe6_s10896	gi|959236254|emb|LN899827.1|	75.84	741	128	39	1938	2657	619037	619747	3e-85	329
Oe6_s10896	gi|344171439|emb|FR854086.1|	81.55	412	64	10	1938	2343	858256	857851	3e-85	329
Oe6_s10896	gi|1195657354|dbj|AP018111.1|	76.90	593	124	11	1920	2507	1506951	1506367	1e-83	324
Oe6_s10896	gi|1061725303|gb|CP013443.1|	76.86	592	126	10	1920	2507	3027272	3026688	1e-83	324
Oe6_s10896	gi|1061600331|gb|CP013398.1|	76.90	593	124	12	1920	2507	2832450	2831866	1e-83	324
Oe6_s10896	gi|831192838|gb|CP011503.1|	76.90	593	124	11	1920	2507	599455	598871	1e-83	324
Oe6_s10896	gi|1151241529|gb|CP019911.1|	81.07	412	66	10	1938	2343	929625	929220	6e-82	318
Oe6_s10896	gi|770603614|gb|CP010799.2|	81.19	404	68	8	1944	2343	3377177	3376778	6e-82	318
Oe6_s10896	gi|344167397|emb|FR854064.1|	81.07	412	66	10	1938	2343	48858	48453	6e-82	318
Oe6_s10896	gi|299076774|emb|FP885906.2|	81.07	412	66	10	1938	2343	935873	936278	6e-82	318
Oe6_s10896	gi|77965403|gb|CP000151.1|	76.73	593	125	11	1920	2507	3001757	3001173	6e-82	318
Oe6_s10896	gi|1102966080|gb|CP010310.2|	77.94	535	99	18	1924	2448	4709377	4708852	2e-81	316
Oe6_s10896	gi|959204059|emb|LN899819.1|	77.23	584	102	25	1938	2507	1729823	1730389	3e-80	313
Oe6_s10896	gi|1069762288|gb|CP016442.1|	76.63	582	121	11	1920	2495	3454695	3455267	1e-78	307
Oe6_s10896	gi|988687854|gb|CP014306.1|	80.09	422	76	8	1924	2341	623585	623168	1e-78	307
Oe6_s10896	gi|1088724645|emb|LT629867.1|	75.96	628	127	21	1919	2537	2768003	2768615	6e-77	302
Oe6_s10896	gi|928471965|gb|CP011868.1|	79.68	438	73	15	1910	2341	4005338	4005765	6e-77	302
Oe6_s10896	gi|1001864219|gb|CP014518.1|	77.82	532	87	22	1918	2428	594918	594397	2e-76	300
Oe6_s10896	gi|752314807|gb|CP010536.1|	77.80	500	100	8	2012	2507	764928	765420	8e-76	298
Oe6_s10896	gi|357934279|gb|CP003087.1|	76.37	601	113	23	1920	2507	2405477	2404893	3e-75	296
Oe6_s10896	gi|113524807|emb|AM260479.1|	76.05	597	122	20	1919	2506	635313	635897	1e-73	291
Oe6_s10896	gi|1238355498|gb|CP022989.1|	76.49	536	120	6	1920	2452	1943302	1943834	2e-72	287
Oe6_s10896	gi|240863652|gb|CP001644.1|	76.35	575	111	21	1944	2507	2526401	2525841	6e-72	285
Oe6_s10896	gi|358635055|dbj|AP012304.1|	76.01	592	112	28	1934	2510	2451936	2451360	3e-70	279
Oe6_s10896	gi|1109117680|gb|CP018134.1|	77.37	517	86	27	1934	2433	1849267	1849769	1e-69	278
Oe6_s10896	gi|941926470|gb|CP012640.1|	74.88	637	142	17	1920	2547	1943150	1942523	1e-68	274
Oe6_s10896	gi|93352797|gb|CP000352.1|	79.01	405	77	6	1944	2344	566604	567004	2e-67	270
Oe6_s10896	gi|1142309603|gb|CP015999.1|	75.54	601	118	23	1920	2507	2557992	2557408	6e-67	268
Oe6_s10896	gi|1051509984|gb|CP016431.1|	76.37	529	107	13	1919	2438	3261390	3260871	6e-67	268
Oe6_s10896	gi|408767172|emb|HE965806.1|	76.37	529	107	13	1919	2438	1615342	1614823	6e-67	268
Oe6_s10896	gi|1190200009|gb|CP021107.1|	76.07	539	113	11	1919	2449	3057132	3056602	2e-66	267
Oe6_s10896	gi|1239803343|gb|CP017123.1|	76.18	529	108	13	1919	2438	2915810	2915291	3e-65	263
Oe6_s10896	gi|1239799721|gb|CP017122.1|	76.18	529	108	13	1919	2438	2915811	2915292	3e-65	263
Oe6_s10896	gi|1239796093|gb|CP017121.1|	76.18	529	108	13	1919	2438	1139710	1140229	3e-65	263
Oe6_s10896	gi|1239792470|gb|CP017120.1|	76.18	529	108	13	1919	2438	1160578	1161097	3e-65	263
Oe6_s10896	gi|1239788867|gb|CP017119.1|	76.18	529	108	13	1919	2438	2918935	2918416	3e-65	263
Oe6_s10896	gi|1239785228|gb|CP016968.1|	76.18	529	108	13	1919	2438	1140764	1141283	3e-65	263
Oe6_s10896	gi|1239781595|gb|CP016967.1|	76.18	529	108	13	1919	2438	2912686	2912167	3e-65	263
Oe6_s10896	gi|1239777961|gb|CP016966.1|	76.18	529	108	13	1919	2438	2916884	2916365	3e-65	263
Oe6_s10896	gi|1239774332|gb|CP016965.1|	76.18	529	108	13	1919	2438	2911732	2911213	3e-65	263
Oe6_s10896	gi|1239770693|gb|CP016964.1|	76.18	529	108	13	1919	2438	2912685	2912166	3e-65	263
Oe6_s10896	gi|1239767058|gb|CP016963.1|	76.18	529	108	13	1919	2438	2912634	2912115	3e-65	263
Oe6_s10896	gi|1239763424|gb|CP016962.1|	76.18	529	108	13	1919	2438	2914775	2914256	3e-65	263
Oe6_s10896	gi|1239759787|gb|CP016961.1|	76.18	529	108	13	1919	2438	1140765	1141284	3e-65	263
Oe6_s10896	gi|1239756148|gb|CP016960.1|	76.18	529	108	13	1919	2438	2914688	2914169	3e-65	263
Oe6_s10896	gi|1239752508|gb|CP016959.1|	76.18	529	108	13	1919	2438	1139717	1140236	3e-65	263
Oe6_s10896	gi|1239748847|gb|CP016958.1|	76.18	529	108	13	1919	2438	1141815	1142334	3e-65	263
Oe6_s10896	gi|1239745196|gb|CP016957.1|	76.18	529	108	13	1919	2438	2935447	2934928	3e-65	263
Oe6_s10896	gi|1239741550|gb|CP016956.1|	76.18	529	108	13	1919	2438	2938545	2938026	3e-65	263
Oe6_s10896	gi|1231795214|emb|LT906484.1|	76.18	529	108	13	1919	2438	2810913	2811432	3e-65	263
Oe6_s10896	gi|1231753996|emb|LT906471.1|	76.18	529	108	13	1919	2438	1473556	1474075	3e-65	263
Oe6_s10896	gi|1227478499|gb|CP022362.1|	76.18	529	108	13	1919	2438	2917682	2917163	3e-65	263
Oe6_s10896	gi|1227473093|gb|CP021403.1|	76.18	529	108	13	1919	2438	1140723	1141242	3e-65	263
Oe6_s10896	gi|1227469469|gb|CP021402.1|	76.18	529	108	13	1919	2438	2841754	2841235	3e-65	263
Oe6_s10896	gi|1227465846|gb|CP021401.1|	76.18	529	108	13	1919	2438	2911403	2910884	3e-65	263
Oe6_s10896	gi|1158824265|gb|CP018845.1|	78.04	428	86	6	1920	2343	2382398	2382821	3e-65	263
Oe6_s10896	gi|1153104644|gb|CP019957.1|	76.18	529	108	13	1919	2438	2962824	2962305	3e-65	263
Oe6_s10896	gi|1142615653|gb|CP013951.1|	76.18	529	108	13	1919	2438	2915809	2915290	3e-65	263
Oe6_s10896	gi|1142612019|gb|CP013907.1|	76.18	529	108	13	1919	2438	2919149	2918630	3e-65	263
Oe6_s10896	gi|1142608388|gb|CP013906.1|	76.18	529	108	13	1919	2438	2921066	2920547	3e-65	263
Oe6_s10896	gi|1142604750|gb|CP013905.1|	76.18	529	108	13	1919	2438	2917936	2917417	3e-65	263
Oe6_s10896	gi|1142601117|gb|CP013904.1|	76.18	529	108	13	1919	2438	2918964	2918445	3e-65	263
Oe6_s10896	gi|1142597477|gb|CP013903.1|	76.18	529	108	13	1919	2438	2917942	2917423	3e-65	263
Oe6_s10896	gi|1142593839|gb|CP013902.1|	76.18	529	108	13	1919	2438	2924242	2923723	3e-65	263
Oe6_s10896	gi|1142590207|gb|CP013901.1|	76.18	529	108	13	1919	2438	2916879	2916360	3e-65	263
Oe6_s10896	gi|1142586578|gb|CP013900.1|	76.18	529	108	13	1919	2438	2919147	2918628	3e-65	263
Oe6_s10896	gi|1142582962|gb|CP013899.1|	76.18	529	108	13	1919	2438	2913720	2913201	3e-65	263
Oe6_s10896	gi|1142579331|gb|CP013898.1|	76.18	529	108	13	1919	2438	2915818	2915299	3e-65	263
Oe6_s10896	gi|1142575702|gb|CP013897.1|	76.18	529	108	13	1919	2438	2917928	2917409	3e-65	263
Oe6_s10896	gi|1142572074|gb|CP013896.1|	76.18	529	108	13	1919	2438	2915818	2915299	3e-65	263
Oe6_s10896	gi|1142568445|gb|CP013895.1|	76.18	529	108	13	1919	2438	2917929	2917410	3e-65	263
Oe6_s10896	gi|1142564814|gb|CP013894.1|	76.18	529	108	13	1919	2438	2914025	2913506	3e-65	263
Oe6_s10896	gi|1142561189|gb|CP013893.1|	76.18	529	108	13	1919	2438	2918097	2917578	3e-65	263
Oe6_s10896	gi|1142557562|gb|CP013892.1|	76.18	529	108	13	1919	2438	2918088	2917569	3e-65	263
Oe6_s10896	gi|1142553937|gb|CP013891.1|	76.18	529	108	13	1919	2438	2912689	2912170	3e-65	263
Oe6_s10896	gi|1142550304|gb|CP013890.1|	76.18	529	108	13	1919	2438	2920013	2919494	3e-65	263
Oe6_s10896	gi|1142546676|gb|CP013889.1|	76.18	529	108	13	1919	2438	2915808	2915289	3e-65	263
Oe6_s10896	gi|1142543046|gb|CP013888.1|	76.18	529	108	13	1919	2438	2917922	2917403	3e-65	263
Oe6_s10896	gi|1142539423|gb|CP013887.1|	76.18	529	108	13	1919	2438	2916862	2916343	3e-65	263
Oe6_s10896	gi|1142535794|gb|CP013886.1|	76.18	529	108	13	1919	2438	2918972	2918453	3e-65	263
Oe6_s10896	gi|1142532172|gb|CP013885.1|	76.18	529	108	13	1919	2438	2920012	2919493	3e-65	263
Oe6_s10896	gi|1142528540|gb|CP013884.1|	76.18	529	108	13	1919	2438	1139715	1140234	3e-65	263
Oe6_s10896	gi|1142524939|gb|CP013883.1|	76.18	529	108	13	1919	2438	2912049	2911530	3e-65	263
Oe6_s10896	gi|1142521306|gb|CP013882.1|	76.18	529	108	13	1919	2438	1140777	1141296	3e-65	263
Oe6_s10896	gi|1142517671|gb|CP013881.1|	76.18	529	108	13	1919	2438	1140767	1141286	3e-65	263
Oe6_s10896	gi|1142514041|gb|CP013880.1|	76.18	529	108	13	1919	2438	2916829	2916310	3e-65	263
Oe6_s10896	gi|1142510407|gb|CP013879.1|	76.18	529	108	13	1919	2438	2916674	2916155	3e-65	263
Oe6_s10896	gi|1142506772|gb|CP013878.1|	76.18	529	108	13	1919	2438	1139705	1140224	3e-65	263
Oe6_s10896	gi|1142503144|gb|CP013877.1|	76.18	529	108	13	1919	2438	2914769	2914250	3e-65	263
Oe6_s10896	gi|1142499509|gb|CP013876.1|	76.18	529	108	13	1919	2438	1138670	1139189	3e-65	263
Oe6_s10896	gi|1142495878|gb|CP013875.1|	76.18	529	108	13	1919	2438	2913737	2913218	3e-65	263
Oe6_s10896	gi|1142492244|gb|CP013874.1|	76.18	529	108	13	1919	2438	1140768	1141287	3e-65	263
Oe6_s10896	gi|1142488611|gb|CP013873.1|	76.18	529	108	13	1919	2438	1142862	1143381	3e-65	263
Oe6_s10896	gi|1142484985|gb|CP013872.1|	76.18	529	108	13	1919	2438	2950708	2950189	3e-65	263
Oe6_s10896	gi|1142481356|gb|CP013871.1|	76.18	529	108	13	1919	2438	1138621	1139140	3e-65	263
Oe6_s10896	gi|1142477724|gb|CP013870.1|	76.18	529	108	13	1919	2438	1137621	1138140	3e-65	263
Oe6_s10896	gi|1142474095|gb|CP013869.1|	76.18	529	108	13	1919	2438	1141802	1142321	3e-65	263
Oe6_s10896	gi|1142470280|gb|CP013868.1|	76.18	529	108	13	1919	2438	1140855	1141374	3e-65	263
Oe6_s10896	gi|1142466651|gb|CP013866.1|	76.18	529	108	13	1919	2438	2913732	2913213	3e-65	263
Oe6_s10896	gi|1142463009|gb|CP013865.1|	76.18	529	108	13	1919	2438	2918995	2918476	3e-65	263
Oe6_s10896	gi|1142459380|gb|CP013864.1|	76.18	529	108	13	1919	2438	2915820	2915301	3e-65	263
Oe6_s10896	gi|1142455749|gb|CP013863.1|	76.18	529	108	13	1919	2438	2918967	2918448	3e-65	263
Oe6_s10896	gi|1142447243|gb|CP013096.1|	76.18	529	108	13	1919	2438	2916872	2916353	3e-65	263
Oe6_s10896	gi|1142443614|gb|CP013095.1|	76.18	529	108	13	1919	2438	2913772	2913253	3e-65	263
Oe6_s10896	gi|1142439983|gb|CP013094.1|	76.18	529	108	13	1919	2438	2917910	2917391	3e-65	263
Oe6_s10896	gi|1142436355|gb|CP013093.1|	76.18	529	108	13	1919	2438	2916871	2916352	3e-65	263
Oe6_s10896	gi|1142432725|gb|CP013092.1|	76.18	529	108	13	1919	2438	2916868	2916349	3e-65	263
Oe6_s10896	gi|1142428396|gb|CP013091.1|	76.18	529	108	13	1919	2438	2918985	2918466	3e-65	263
Oe6_s10896	gi|1142424009|gb|CP013090.1|	76.18	529	108	13	1919	2438	1139715	1140234	3e-65	263
Oe6_s10896	gi|1142419747|gb|CP013089.1|	76.18	529	108	13	1919	2438	2921071	2920552	3e-65	263
Oe6_s10896	gi|1142415298|gb|CP013088.1|	76.18	529	108	13	1919	2438	2917913	2917394	3e-65	263
Oe6_s10896	gi|1142411341|gb|CP013087.1|	76.18	529	108	13	1919	2438	1140767	1141286	3e-65	263
Oe6_s10896	gi|1142407707|gb|CP013086.1|	76.18	529	108	13	1919	2438	1139703	1140222	3e-65	263
Oe6_s10896	gi|1142404078|gb|CP013085.1|	76.18	529	108	13	1919	2438	2914515	2913996	3e-65	263
Oe6_s10896	gi|1142400436|gb|CP013084.1|	76.18	529	108	13	1919	2438	2912692	2912173	3e-65	263
Oe6_s10896	gi|1142396808|gb|CP013083.1|	76.18	529	108	13	1919	2438	2913747	2913228	3e-65	263
Oe6_s10896	gi|1142393178|gb|CP013082.1|	76.18	529	108	13	1919	2438	2915840	2915321	3e-65	263
Oe6_s10896	gi|1142389543|gb|CP013081.1|	76.18	529	108	13	1919	2438	2918977	2918458	3e-65	263
Oe6_s10896	gi|1142385911|gb|CP013080.1|	76.18	529	108	13	1919	2438	1138665	1139184	3e-65	263
Oe6_s10896	gi|1142382275|gb|CP013079.1|	76.18	529	108	13	1919	2438	1139717	1140236	3e-65	263
Oe6_s10896	gi|1142378648|gb|CP013078.1|	76.18	529	108	13	1919	2438	2911638	2911119	3e-65	263
Oe6_s10896	gi|1142375014|gb|CP013077.1|	76.18	529	108	13	1919	2438	1139717	1140236	3e-65	263
Oe6_s10896	gi|1142371356|gb|CP013076.1|	76.18	529	108	13	1919	2438	1200820	1201339	3e-65	263
Oe6_s10896	gi|1142367725|gb|CP013075.1|	76.18	529	108	13	1919	2438	2933113	2932594	3e-65	263
Oe6_s10896	gi|1142364087|gb|CP011768.1|	76.18	529	108	13	1919	2438	2916886	2916367	3e-65	263
Oe6_s10896	gi|1142360458|gb|CP011767.1|	76.18	529	108	13	1919	2438	2915824	2915305	3e-65	263
Oe6_s10896	gi|1142356826|gb|CP011766.1|	76.18	529	108	13	1919	2438	2920198	2919679	3e-65	263
Oe6_s10896	gi|1142353124|gb|CP011765.1|	76.18	529	108	13	1919	2438	2917960	2917441	3e-65	263
Oe6_s10896	gi|1142349482|gb|CP011764.1|	76.18	529	108	13	1919	2438	2917920	2917401	3e-65	263
Oe6_s10896	gi|1142345795|gb|CP011763.1|	76.18	529	108	13	1919	2438	2917883	2917364	3e-65	263
Oe6_s10896	gi|1142341518|gb|CP011762.1|	76.18	529	108	13	1919	2438	1161637	1162156	3e-65	263
Oe6_s10896	gi|1142337228|gb|CP011761.1|	76.18	529	108	13	1919	2438	2918986	2918467	3e-65	263
Oe6_s10896	gi|1142333029|gb|CP011760.1|	76.18	529	108	13	1919	2438	2920037	2919518	3e-65	263
Oe6_s10896	gi|1142329372|gb|CP011759.1|	76.18	529	108	13	1919	2438	2918972	2918453	3e-65	263
Oe6_s10896	gi|1142325742|gb|CP011758.1|	76.18	529	108	13	1919	2438	2917937	2917418	3e-65	263
Oe6_s10896	gi|1142322115|gb|CP011757.1|	76.18	529	108	13	1919	2438	2915776	2915257	3e-65	263
Oe6_s10896	gi|1142318484|gb|CP011756.1|	76.18	529	108	13	1919	2438	2916881	2916362	3e-65	263
Oe6_s10896	gi|1142305971|gb|CP011755.1|	76.18	529	108	13	1919	2438	1161636	1162155	3e-65	263
Oe6_s10896	gi|1142302342|gb|CP011754.1|	76.18	529	108	13	1919	2438	2914012	2913493	3e-65	263
Oe6_s10896	gi|1142298707|gb|CP011753.1|	76.18	529	108	13	1919	2438	2846556	2846037	3e-65	263
Oe6_s10896	gi|1142292288|gb|CP011752.1|	76.18	529	108	13	1919	2438	2912664	2912145	3e-65	263
Oe6_s10896	gi|1142288656|gb|CP011751.1|	76.18	529	108	13	1919	2438	2918983	2918464	3e-65	263
Oe6_s10896	gi|1142285022|gb|CP011750.1|	76.18	529	108	13	1919	2438	2917934	2917415	3e-65	263
Oe6_s10896	gi|1142281385|gb|CP011749.1|	76.18	529	108	13	1919	2438	2917931	2917412	3e-65	263
Oe6_s10896	gi|1142277752|gb|CP011748.1|	76.18	529	108	13	1919	2438	1159537	1160056	3e-65	263
Oe6_s10896	gi|1142274118|gb|CP011747.1|	76.18	529	108	13	1919	2438	1160588	1161107	3e-65	263
Oe6_s10896	gi|1142270487|gb|CP011746.1|	76.18	529	108	13	1919	2438	1160585	1161104	3e-65	263
Oe6_s10896	gi|1142266853|gb|CP011745.1|	76.18	529	108	13	1919	2438	2917932	2917413	3e-65	263
Oe6_s10896	gi|1142263223|gb|CP011744.1|	76.18	529	108	13	1919	2438	1140772	1141291	3e-65	263
Oe6_s10896	gi|1142259590|gb|CP011743.1|	76.18	529	108	13	1919	2438	2919663	2919144	3e-65	263
Oe6_s10896	gi|1142255963|gb|CP011742.1|	76.18	529	108	13	1919	2438	2916880	2916361	3e-65	263
Oe6_s10896	gi|1142252334|gb|CP011741.1|	76.18	529	108	13	1919	2438	1139718	1140237	3e-65	263
Oe6_s10896	gi|1142248705|gb|CP011740.1|	76.18	529	108	13	1919	2438	2917944	2917425	3e-65	263
Oe6_s10896	gi|1142245073|gb|CP011739.1|	76.18	529	108	13	1919	2438	2916885	2916366	3e-65	263
Oe6_s10896	gi|1142241441|gb|CP011738.1|	76.18	529	108	13	1919	2438	1139732	1140251	3e-65	263
Oe6_s10896	gi|1142237790|gb|CP011737.1|	76.18	529	108	13	1919	2438	2920994	2920475	3e-65	263
Oe6_s10896	gi|1142234129|gb|CP011736.1|	76.18	529	108	13	1919	2438	1142860	1143379	3e-65	263
Oe6_s10896	gi|1142230498|gb|CP011735.1|	76.18	529	108	13	1919	2438	2915831	2915312	3e-65	263
Oe6_s10896	gi|1142226859|gb|CP011734.1|	76.18	529	108	13	1919	2438	1142863	1143382	3e-65	263
Oe6_s10896	gi|1142223185|gb|CP011733.1|	76.18	529	108	13	1919	2438	2917924	2917405	3e-65	263
Oe6_s10896	gi|1142219495|gb|CP011732.1|	76.18	529	108	13	1919	2438	2880626	2880107	3e-65	263
Oe6_s10896	gi|1142215836|gb|CP011731.1|	76.18	529	108	13	1919	2438	2917923	2917404	3e-65	263
Oe6_s10896	gi|1142212179|gb|CP011730.1|	76.18	529	108	13	1919	2438	2917936	2917417	3e-65	263
Oe6_s10896	gi|1142208511|gb|CP011729.1|	76.18	529	108	13	1919	2438	2915833	2915314	3e-65	263
Oe6_s10896	gi|1142204851|gb|CP011728.1|	76.18	529	108	13	1919	2438	2917772	2917253	3e-65	263
Oe6_s10896	gi|1142201185|gb|CP011727.1|	76.18	529	108	13	1919	2438	2918981	2918462	3e-65	263
Oe6_s10896	gi|1142197497|gb|CP011726.1|	76.18	529	108	13	1919	2438	3000783	3000264	3e-65	263
Oe6_s10896	gi|1142193835|gb|CP011725.1|	76.18	529	108	13	1919	2438	3001819	3001300	3e-65	263
Oe6_s10896	gi|1142190164|gb|CP011724.1|	76.18	529	108	13	1919	2438	3001817	3001298	3e-65	263
Oe6_s10896	gi|1142186504|gb|CP011723.1|	76.18	529	108	13	1919	2438	1140770	1141289	3e-65	263
Oe6_s10896	gi|1142182860|gb|CP011722.1|	76.18	529	108	13	1919	2438	2917934	2917415	3e-65	263
Oe6_s10896	gi|1142175705|gb|CP011721.1|	76.18	529	108	13	1919	2438	1140754	1141273	3e-65	263
Oe6_s10896	gi|1142172078|gb|CP011720.1|	76.18	529	108	13	1919	2438	2912674	2912155	3e-65	263
Oe6_s10896	gi|1142168449|gb|CP011719.1|	76.18	529	108	13	1919	2438	2916872	2916353	3e-65	263
Oe6_s10896	gi|1142164788|gb|CP011718.1|	76.18	529	108	13	1919	2438	1140767	1141286	3e-65	263
Oe6_s10896	gi|1142161123|gb|CP011717.1|	76.18	529	108	13	1919	2438	2921075	2920556	3e-65	263
Oe6_s10896	gi|1142157444|gb|CP011716.1|	76.18	529	108	13	1919	2438	2920033	2919514	3e-65	263
Oe6_s10896	gi|1142153811|gb|CP011715.1|	76.18	529	108	13	1919	2438	2916891	2916372	3e-65	263
Oe6_s10896	gi|1142150149|gb|CP011714.1|	76.18	529	108	13	1919	2438	2918977	2918458	3e-65	263
Oe6_s10896	gi|1142146498|gb|CP011713.1|	76.18	529	108	13	1919	2438	2917936	2917417	3e-65	263
Oe6_s10896	gi|1142142677|gb|CP011712.1|	76.18	529	108	13	1919	2438	2917935	2917416	3e-65	263
Oe6_s10896	gi|1142138995|gb|CP011711.1|	76.18	529	108	13	1919	2438	2914774	2914255	3e-65	263
Oe6_s10896	gi|1142135352|gb|CP011710.1|	76.18	529	108	13	1919	2438	2918982	2918463	3e-65	263
Oe6_s10896	gi|1142131680|gb|CP011709.1|	76.18	529	108	13	1919	2438	1160589	1161108	3e-65	263
Oe6_s10896	gi|1142128050|gb|CP011708.1|	76.18	529	108	13	1919	2438	2920035	2919516	3e-65	263
Oe6_s10896	gi|1142124394|gb|CP011707.1|	76.18	529	108	13	1919	2438	3000770	3000251	3e-65	263
Oe6_s10896	gi|1142120776|gb|CP011706.1|	76.18	529	108	13	1919	2438	2913741	2913222	3e-65	263
Oe6_s10896	gi|1142117141|gb|CP011705.1|	76.18	529	108	13	1919	2438	2918985	2918466	3e-65	263
Oe6_s10896	gi|1142113466|gb|CP011704.1|	76.18	529	108	13	1919	2438	1139703	1140222	3e-65	263
Oe6_s10896	gi|1142109858|gb|CP011703.1|	76.18	529	108	13	1919	2438	1138655	1139174	3e-65	263
Oe6_s10896	gi|1142106229|gb|CP011702.1|	76.18	529	108	13	1919	2438	1160587	1161106	3e-65	263
Oe6_s10896	gi|1142102588|gb|CP011701.1|	76.18	529	108	13	1919	2438	2918980	2918461	3e-65	263
Oe6_s10896	gi|1142098870|gb|CP011700.1|	76.18	529	108	13	1919	2438	2916874	2916355	3e-65	263
Oe6_s10896	gi|1142095215|gb|CP011699.1|	76.18	529	108	13	1919	2438	3001826	3001307	3e-65	263
Oe6_s10896	gi|1142091575|gb|CP011698.1|	76.18	529	108	13	1919	2438	2915822	2915303	3e-65	263
Oe6_s10896	gi|1142087945|gb|CP011697.1|	76.18	529	108	13	1919	2438	2918983	2918464	3e-65	263
Oe6_s10896	gi|1142084319|gb|CP011696.1|	76.18	529	108	13	1919	2438	2915825	2915306	3e-65	263
Oe6_s10896	gi|1142080690|gb|CP011695.1|	76.18	529	108	13	1919	2438	1140768	1141287	3e-65	263
Oe6_s10896	gi|1142077058|gb|CP011694.1|	76.18	529	108	13	1919	2438	1140766	1141285	3e-65	263
Oe6_s10896	gi|1142072241|gb|CP011693.1|	76.18	529	108	13	1919	2438	2916880	2916361	3e-65	263
Oe6_s10896	gi|1142066883|gb|CP011692.1|	76.18	529	108	13	1919	2438	2912684	2912165	3e-65	263
Oe6_s10896	gi|1142061578|gb|CP011691.1|	76.18	529	108	13	1919	2438	2912701	2912182	3e-65	263
Oe6_s10896	gi|1142056623|gb|CP011690.1|	76.18	529	108	13	1919	2438	1138668	1139187	3e-65	263
Oe6_s10896	gi|1142051035|gb|CP011689.1|	76.18	529	108	13	1919	2438	1143937	1144456	3e-65	263
Oe6_s10896	gi|1142046028|gb|CP011688.1|	76.18	529	108	13	1919	2438	1140768	1141287	3e-65	263
Oe6_s10896	gi|1142041268|gb|CP011687.1|	76.18	529	108	13	1919	2438	1139742	1140261	3e-65	263
Oe6_s10896	gi|1142037637|gb|CP011244.1|	76.18	529	108	13	1919	2438	1161639	1162158	3e-65	263
Oe6_s10896	gi|1142034005|gb|CP011243.1|	76.18	529	108	13	1919	2438	2920199	2919680	3e-65	263
Oe6_s10896	gi|1142030374|gb|CP011242.1|	76.18	529	108	13	1919	2438	1161638	1162157	3e-65	263
Oe6_s10896	gi|1142026745|gb|CP011241.1|	76.18	529	108	13	1919	2438	2916873	2916354	3e-65	263
Oe6_s10896	gi|1142023115|gb|CP011240.1|	76.18	529	108	13	1919	2438	2915791	2915272	3e-65	263
Oe6_s10896	gi|1142019484|gb|CP011239.1|	76.18	529	108	13	1919	2438	1141809	1142328	3e-65	263
Oe6_s10896	gi|1142015859|gb|CP011238.1|	76.18	529	108	13	1919	2438	2913719	2913200	3e-65	263
Oe6_s10896	gi|1142012227|gb|CP011237.1|	76.18	529	108	13	1919	2438	1160589	1161108	3e-65	263
Oe6_s10896	gi|1142008598|gb|CP011236.1|	76.18	529	108	13	1919	2438	1140767	1141286	3e-65	263
Oe6_s10896	gi|1142004970|gb|CP011235.1|	76.18	529	108	13	1919	2438	1139717	1140236	3e-65	263
Oe6_s10896	gi|1142001334|gb|CP011234.1|	76.18	529	108	13	1919	2438	1141816	1142335	3e-65	263
Oe6_s10896	gi|1141954129|gb|CP012134.1|	76.18	529	108	13	1919	2438	2917922	2917403	3e-65	263
Oe6_s10896	gi|1141950501|gb|CP012133.1|	76.18	529	108	13	1919	2438	2915838	2915319	3e-65	263
Oe6_s10896	gi|1141946868|gb|CP012132.1|	76.18	529	108	13	1919	2438	1160589	1161108	3e-65	263
Oe6_s10896	gi|1141943237|gb|CP012131.1|	76.18	529	108	13	1919	2438	2917919	2917400	3e-65	263
Oe6_s10896	gi|1141939616|gb|CP012130.1|	76.18	529	108	13	1919	2438	2948630	2948111	3e-65	263
Oe6_s10896	gi|1141935985|gb|CP012129.1|	76.18	529	108	13	1919	2438	1142866	1143385	3e-65	263
Oe6_s10896	gi|1141932363|gb|CP012089.1|	76.18	529	108	13	1919	2438	2958820	2958301	3e-65	263
Oe6_s10896	gi|1141928735|gb|CP012088.1|	76.18	529	108	13	1919	2438	2915817	2915298	3e-65	263
Oe6_s10896	gi|1141925104|gb|CP012087.1|	76.18	529	108	13	1919	2438	2917932	2917413	3e-65	263
Oe6_s10896	gi|1141921477|gb|CP012086.1|	76.18	529	108	13	1919	2438	2915823	2915304	3e-65	263
Oe6_s10896	gi|1141917850|gb|CP012085.1|	76.18	529	108	13	1919	2438	2918919	2918400	3e-65	263
Oe6_s10896	gi|1141914225|gb|CP012084.1|	76.18	529	108	13	1919	2438	3001818	3001299	3e-65	263
Oe6_s10896	gi|1141910599|gb|CP012083.1|	76.18	529	108	13	1919	2438	1141819	1142338	3e-65	263
Oe6_s10896	gi|1141906971|gb|CP012082.1|	76.18	529	108	13	1919	2438	2915841	2915322	3e-65	263
Oe6_s10896	gi|1141903342|gb|CP012081.1|	76.18	529	108	13	1919	2438	2916090	2915571	3e-65	263
Oe6_s10896	gi|1141899717|gb|CP012080.1|	76.18	529	108	13	1919	2438	2913739	2913220	3e-65	263
Oe6_s10896	gi|1141896091|gb|CP012079.1|	76.18	529	108	13	1919	2438	2914781	2914262	3e-65	263
Oe6_s10896	gi|1141892464|gb|CP012078.1|	76.18	529	108	13	1919	2438	1139718	1140237	3e-65	263
Oe6_s10896	gi|1141888836|gb|CP011208.1|	76.18	529	108	13	1919	2438	2912664	2912145	3e-65	263
Oe6_s10896	gi|1141885200|gb|CP011207.1|	76.18	529	108	13	1919	2438	2921126	2920607	3e-65	263
Oe6_s10896	gi|1141881576|gb|CP011206.1|	76.18	529	108	13	1919	2438	2916885	2916366	3e-65	263
Oe6_s10896	gi|1141877936|gb|CP011205.1|	76.18	529	108	13	1919	2438	2916883	2916364	3e-65	263
Oe6_s10896	gi|1141874302|gb|CP011204.1|	76.18	529	108	13	1919	2438	1196321	1196840	3e-65	263
Oe6_s10896	gi|1141870673|gb|CP011203.1|	76.18	529	108	13	1919	2438	2917942	2917423	3e-65	263
Oe6_s10896	gi|1141867042|gb|CP011202.1|	76.18	529	108	13	1919	2438	2918974	2918455	3e-65	263
Oe6_s10896	gi|1141863412|gb|CP011201.1|	76.18	529	108	13	1919	2438	2920032	2919513	3e-65	263
Oe6_s10896	gi|1141859782|gb|CP011200.1|	76.18	529	108	13	1919	2438	1160589	1161108	3e-65	263
Oe6_s10896	gi|1141856156|gb|CP011199.1|	76.18	529	108	13	1919	2438	2914017	2913498	3e-65	263
Oe6_s10896	gi|1141852525|gb|CP011198.1|	76.18	529	108	13	1919	2438	1140771	1141290	3e-65	263
Oe6_s10896	gi|1141848892|gb|CP011197.1|	76.18	529	108	13	1919	2438	1160590	1161109	3e-65	263
Oe6_s10896	gi|1141845264|gb|CP011196.1|	76.18	529	108	13	1919	2438	2917922	2917403	3e-65	263
Oe6_s10896	gi|1141841636|gb|CP011195.1|	76.18	529	108	13	1919	2438	2912971	2912452	3e-65	263
Oe6_s10896	gi|1141838005|gb|CP011194.1|	76.18	529	108	13	1919	2438	1159542	1160061	3e-65	263
Oe6_s10896	gi|1141834371|gb|CP011193.1|	76.18	529	108	13	1919	2438	2845020	2844501	3e-65	263
Oe6_s10896	gi|1141830747|gb|CP011192.1|	76.18	529	108	13	1919	2438	2913739	2913220	3e-65	263
Oe6_s10896	gi|1141827120|gb|CP011191.1|	76.18	529	108	13	1919	2438	2912237	2911718	3e-65	263
Oe6_s10896	gi|1141823501|gb|CP011190.1|	76.18	529	108	13	1919	2438	1396499	1397018	3e-65	263
Oe6_s10896	gi|1141819870|gb|CP011189.1|	76.18	529	108	13	1919	2438	2917921	2917402	3e-65	263
Oe6_s10896	gi|1141816237|gb|CP011188.1|	76.18	529	108	13	1919	2438	1139706	1140225	3e-65	263
Oe6_s10896	gi|1141812606|gb|CP011187.1|	76.18	529	108	13	1919	2438	1141817	1142336	3e-65	263
Oe6_s10896	gi|1141808976|gb|CP011186.1|	76.18	529	108	13	1919	2438	2920018	2919499	3e-65	263
Oe6_s10896	gi|1141805350|gb|CP011185.1|	76.18	529	108	13	1919	2438	1139717	1140236	3e-65	263
Oe6_s10896	gi|1141801719|gb|CP011184.1|	76.18	529	108	13	1919	2438	1139718	1140237	3e-65	263
Oe6_s10896	gi|1141798093|gb|CP011183.1|	76.18	529	108	13	1919	2438	1139720	1140239	3e-65	263
Oe6_s10896	gi|1141794462|gb|CP011182.1|	76.18	529	108	13	1919	2438	1140767	1141286	3e-65	263
Oe6_s10896	gi|1141790828|gb|CP011181.1|	76.18	529	108	13	1919	2438	2916883	2916364	3e-65	263
Oe6_s10896	gi|1141787198|gb|CP011180.1|	76.18	529	108	13	1919	2438	1139717	1140236	3e-65	263
Oe6_s10896	gi|1141783568|gb|CP011179.1|	76.18	529	108	13	1919	2438	1138667	1139186	3e-65	263
Oe6_s10896	gi|1141779936|gb|CP011178.1|	76.18	529	108	13	1919	2438	1141851	1142370	3e-65	263
Oe6_s10896	gi|1141776308|gb|CP011177.1|	76.18	529	108	13	1919	2438	2917423	2916904	3e-65	263
Oe6_s10896	gi|1141772680|gb|CP011176.1|	76.18	529	108	13	1919	2438	2912686	2912167	3e-65	263
Oe6_s10896	gi|1141769060|gb|CP011175.1|	76.18	529	108	13	1919	2438	2925816	2925297	3e-65	263
Oe6_s10896	gi|1141765430|gb|CP011174.1|	76.18	529	108	13	1919	2438	1139717	1140236	3e-65	263
Oe6_s10896	gi|1141761802|gb|CP011173.1|	76.18	529	108	13	1919	2438	1139718	1140237	3e-65	263
Oe6_s10896	gi|1141758175|gb|CP011172.1|	76.18	529	108	13	1919	2438	1138669	1139188	3e-65	263
Oe6_s10896	gi|1141754544|gb|CP011171.1|	76.18	529	108	13	1919	2438	1140780	1141299	3e-65	263
Oe6_s10896	gi|1141750910|gb|CP011170.1|	76.18	529	108	13	1919	2438	2915837	2915318	3e-65	263
Oe6_s10896	gi|1141747284|gb|CP011169.1|	76.18	529	108	13	1919	2438	1138671	1139190	3e-65	263
Oe6_s10896	gi|1141743663|gb|CP011168.1|	76.18	529	108	13	1919	2438	2909691	2909172	3e-65	263
Oe6_s10896	gi|1141740036|gb|CP011167.1|	76.18	529	108	13	1919	2438	2915850	2915331	3e-65	263
Oe6_s10896	gi|1089728910|gb|CP017405.1|	76.18	529	108	13	1919	2438	3194758	3194239	3e-65	263
Oe6_s10896	gi|1089723184|gb|CP017404.1|	76.18	529	108	13	1919	2438	3065769	3065250	3e-65	263
Oe6_s10896	gi|1089718099|gb|CP017403.1|	76.18	529	108	13	1919	2438	1195959	1196478	3e-65	263
Oe6_s10896	gi|1089712838|gb|CP017402.1|	76.18	529	108	13	1919	2438	2939441	2938922	3e-65	263
Oe6_s10896	gi|1044683738|gb|CP016338.1|	76.18	529	108	13	1919	2438	2939438	2938919	3e-65	263
Oe6_s10896	gi|1044680101|gb|CP012128.1|	76.18	529	108	13	1919	2438	2865325	2864806	3e-65	263
Oe6_s10896	gi|1043771215|gb|CP015771.1|	76.18	529	108	13	1919	2438	4066389	4066908	3e-65	263
Oe6_s10896	gi|1043767574|gb|CP015770.1|	76.18	529	108	13	1919	2438	3188065	3187546	3e-65	263
Oe6_s10896	gi|1043763926|gb|CP015769.1|	76.18	529	108	13	1919	2438	3173890	3173371	3e-65	263
Oe6_s10896	gi|1043760279|gb|CP015768.1|	76.18	529	108	13	1919	2438	2709163	2708644	3e-65	263
Oe6_s10896	gi|1043756628|gb|CP015767.1|	76.18	529	108	13	1919	2438	891495	892014	3e-65	263
Oe6_s10896	gi|1043753047|gb|CP015766.1|	76.18	529	108	13	1919	2438	3710520	3711039	3e-65	263
Oe6_s10896	gi|1043749406|gb|CP015765.1|	76.18	529	108	13	1919	2438	3158367	3157848	3e-65	263
Oe6_s10896	gi|1043745762|gb|CP015764.1|	76.18	529	108	13	1919	2438	1951721	1951202	3e-65	263
Oe6_s10896	gi|1043742117|gb|CP015763.1|	76.18	529	108	13	1919	2438	1379131	1378612	3e-65	263
Oe6_s10896	gi|1043738533|gb|CP015762.1|	76.18	529	108	13	1919	2438	2924055	2923536	3e-65	263
Oe6_s10896	gi|1043734900|gb|CP015760.1|	76.18	529	108	13	1919	2438	2920490	2919971	3e-65	263
Oe6_s10896	gi|1043731272|gb|CP015759.1|	76.18	529	108	13	1919	2438	3076435	3075916	3e-65	263
Oe6_s10896	gi|1043727620|gb|CP015761.1|	76.18	529	108	13	1919	2438	1474483	1475002	3e-65	263
Oe6_s10896	gi|1021433232|gb|CP011255.1|	76.18	529	108	13	1919	2438	2921537	2921018	3e-65	263
Oe6_s10896	gi|1013052288|gb|CP010347.1|	76.18	529	108	13	1919	2438	1858506	1857987	3e-65	263
Oe6_s10896	gi|1013048682|gb|CP010266.1|	76.18	529	108	13	1919	2438	2071534	2071015	3e-65	263
Oe6_s10896	gi|1013045079|gb|CP010265.1|	76.18	529	108	13	1919	2438	1140933	1141452	3e-65	263
Oe6_s10896	gi|1013041479|gb|CP010264.1|	76.18	529	108	13	1919	2438	2912240	2911721	3e-65	263
Oe6_s10896	gi|1013037874|gb|CP010263.1|	76.18	529	108	13	1919	2438	2915835	2915316	3e-65	263
Oe6_s10896	gi|1013034272|gb|CP010262.1|	76.18	529	108	13	1919	2438	2914017	2913498	3e-65	263
Oe6_s10896	gi|1013030669|gb|CP010261.1|	76.18	529	108	13	1919	2438	2915066	2914547	3e-65	263
Oe6_s10896	gi|1013027066|gb|CP010260.1|	76.18	529	108	13	1919	2438	2915825	2915306	3e-65	263
Oe6_s10896	gi|1013023462|gb|CP010259.1|	76.18	529	108	13	1919	2438	2914788	2914269	3e-65	263
Oe6_s10896	gi|1013019860|gb|CP010258.1|	76.18	529	108	13	1919	2438	1160589	1161108	3e-65	263
Oe6_s10896	gi|1013016256|gb|CP010250.1|	76.18	529	108	13	1919	2438	1140766	1141285	3e-65	263
Oe6_s10896	gi|1013012662|gb|CP010257.1|	76.18	529	108	13	1919	2438	2916872	2916353	3e-65	263
Oe6_s10896	gi|1013009059|gb|CP010256.1|	76.18	529	108	13	1919	2438	2917925	2917406	3e-65	263
Oe6_s10896	gi|1013005454|gb|CP010255.1|	76.18	529	108	13	1919	2438	2916874	2916355	3e-65	263
Oe6_s10896	gi|1013001852|gb|CP010254.1|	76.18	529	108	13	1919	2438	2915819	2915300	3e-65	263
Oe6_s10896	gi|1012998250|gb|CP010253.1|	76.18	529	108	13	1919	2438	1140771	1141290	3e-65	263
Oe6_s10896	gi|1012994647|gb|CP010252.1|	76.18	529	108	13	1919	2438	1140772	1141291	3e-65	263
Oe6_s10896	gi|1012991043|gb|CP010251.1|	76.18	529	108	13	1919	2438	2915838	2915319	3e-65	263
Oe6_s10896	gi|1012987437|gb|CP010249.1|	76.18	529	108	13	1919	2438	1139716	1140235	3e-65	263
Oe6_s10896	gi|1012951734|gb|CP010962.1|	76.18	529	108	13	1919	2438	2915802	2915283	3e-65	263
Oe6_s10896	gi|1012948136|gb|CP010961.1|	76.18	529	108	13	1919	2438	2920456	2919937	3e-65	263
Oe6_s10896	gi|1012944513|gb|CP010844.1|	76.18	529	108	13	1919	2438	1160587	1161106	3e-65	263
Oe6_s10896	gi|1012940890|gb|CP010841.1|	76.18	529	108	13	1919	2438	1140765	1141284	3e-65	263
Oe6_s10896	gi|1012937267|gb|CP010840.1|	76.18	529	108	13	1919	2438	1140763	1141282	3e-65	263
