Oe6_s02989	gi|1092256889|gb|CP017640.1|	89.33	4163	380	46	4	4143	2168980	2164859	0.0	5169
Oe6_s02989	gi|1092256889|gb|CP017640.1|	86.12	3371	432	26	4236	7582	2164813	2161455	0.0	3600
Oe6_s02989	gi|170652972|gb|CP001001.1|	89.31	4163	381	46	4	4143	1843723	1839602	0.0	5164
Oe6_s02989	gi|170652972|gb|CP001001.1|	86.12	3371	432	26	4236	7582	1839556	1836198	0.0	3600
Oe6_s02989	gi|1127864182|gb|CP015367.1|	85.65	3344	450	25	4239	7561	1461354	1458020	0.0	3489
Oe6_s02989	gi|1127864182|gb|CP015367.1|	88.93	2720	290	7	1425	4143	1464112	1461403	0.0	3345
Oe6_s02989	gi|1127864182|gb|CP015367.1|	93.95	1371	76	5	4	1370	1465492	1464125	0.0	2065
Oe6_s02989	gi|1127864182|gb|CP015367.1|	91.10	146	13	0	7596	7741	1457843	1457698	2e-45	198
Oe6_s02989	gi|689271676|gb|CP003811.1|	85.65	3344	450	25	4239	7561	2172714	2169380	0.0	3489
Oe6_s02989	gi|689271676|gb|CP003811.1|	88.50	2721	300	10	1425	4143	2175472	2172763	0.0	3278
Oe6_s02989	gi|689271676|gb|CP003811.1|	93.88	1372	75	7	4	1370	2176852	2175485	0.0	2060
Oe6_s02989	gi|689271676|gb|CP003811.1|	91.10	146	13	0	7596	7741	2169204	2169059	2e-45	198
Oe6_s02989	gi|240006747|gb|CP001510.1|	86.44	1232	161	6	5	1233	4856704	4857932	0.0	1345
Oe6_s02989	gi|240006747|gb|CP001510.1|	80.68	1330	226	30	2663	3978	4859310	4860622	0.0	1003
Oe6_s02989	gi|240006747|gb|CP001510.1|	76.47	340	74	6	6514	6850	1910082	1910418	7e-40	180
Oe6_s02989	gi|240006747|gb|CP001510.1|	85.82	141	13	5	7665	7801	1911338	1911475	9e-29	143
Oe6_s02989	gi|240006747|gb|CP001510.1|	86.92	107	12	2	7695	7800	1995972	1996077	2e-21	119
Oe6_s02989	gi|240006747|gb|CP001510.1|	88.00	75	9	0	7665	7739	185888	185814	1e-12	89.8
Oe6_s02989	gi|984350221|gb|CP006992.1|	86.39	1234	158	9	5	1233	4670399	4671627	0.0	1339
Oe6_s02989	gi|984350221|gb|CP006992.1|	80.78	1337	221	32	2658	3978	4673002	4674318	0.0	1013
Oe6_s02989	gi|984350221|gb|CP006992.1|	77.89	303	61	6	6505	6804	1944416	1944715	5e-41	183
Oe6_s02989	gi|984350221|gb|CP006992.1|	100.00	76	0	0	7665	7740	1945694	1945769	3e-28	141
Oe6_s02989	gi|984350221|gb|CP006992.1|	85.84	113	11	4	7691	7800	1974904	1975014	2e-20	115
Oe6_s02989	gi|984350221|gb|CP006992.1|	88.00	75	9	0	7665	7739	173827	173753	1e-12	89.8
Oe6_s02989	gi|254265931|emb|FP103042.2|	86.20	1232	164	6	5	1233	5270296	5271524	0.0	1328
Oe6_s02989	gi|254265931|emb|FP103042.2|	80.80	1328	228	27	2663	3978	5272902	5274214	0.0	1014
Oe6_s02989	gi|254265931|emb|FP103042.2|	89.05	137	13	2	7665	7800	2627598	2627733	1e-36	169
Oe6_s02989	gi|254265931|emb|FP103042.2|	88.00	75	9	0	7665	7739	157295	157221	1e-12	89.8
Oe6_s02989	gi|1189412014|gb|CP021054.1|	86.12	1232	165	6	5	1233	796019	797247	0.0	1323
Oe6_s02989	gi|1189412014|gb|CP021054.1|	80.63	1311	230	24	2679	3978	798641	799938	0.0	992
Oe6_s02989	gi|1189412014|gb|CP021054.1|	89.78	137	12	2	7665	7800	3699614	3699749	3e-38	174
Oe6_s02989	gi|1189412014|gb|CP021054.1|	88.00	75	9	0	7665	7739	1840476	1840402	1e-12	89.8
Oe6_s02989	gi|1134968090|gb|CP019322.1|	86.15	1235	159	10	5	1233	2283742	2282514	0.0	1323
Oe6_s02989	gi|1134968090|gb|CP019322.1|	80.95	1328	226	27	2663	3978	2281136	2279824	0.0	1026
Oe6_s02989	gi|1134968090|gb|CP019322.1|	89.78	137	12	2	7665	7800	5096644	5096509	3e-38	174
Oe6_s02989	gi|1134968090|gb|CP019322.1|	88.00	75	9	0	7665	7739	1265579	1265653	1e-12	89.8
Oe6_s02989	gi|1024840729|dbj|AP014809.1|	86.08	1236	165	7	5	1237	5003125	5004356	0.0	1323
Oe6_s02989	gi|1024840729|dbj|AP014809.1|	76.75	972	195	25	1498	2455	5004499	5005453	2e-140	514
Oe6_s02989	gi|1024840729|dbj|AP014809.1|	89.71	175	15	3	7657	7829	2140071	2140244	4e-52	220
Oe6_s02989	gi|1024840729|dbj|AP014809.1|	85.45	110	14	2	7691	7799	2215568	2215676	7e-20	113
Oe6_s02989	gi|1024840729|dbj|AP014809.1|	87.50	80	10	0	7660	7739	364545	364466	9e-14	93.5
Oe6_s02989	gi|218520385|gb|CP001298.1|	86.12	1232	165	6	5	1233	4985740	4986968	0.0	1323
Oe6_s02989	gi|218520385|gb|CP001298.1|	80.80	1328	228	27	2663	3978	4988346	4989658	0.0	1014
Oe6_s02989	gi|218520385|gb|CP001298.1|	89.05	137	13	2	7665	7800	2340917	2341052	1e-36	169
Oe6_s02989	gi|218520385|gb|CP001298.1|	88.00	75	9	0	7665	7739	308301	308227	1e-12	89.8
Oe6_s02989	gi|179342784|gb|CP001029.1|	86.11	1231	165	6	5	1232	5179851	5181078	0.0	1321
Oe6_s02989	gi|179342784|gb|CP001029.1|	81.10	1307	224	23	2682	3978	5182371	5183664	0.0	1024
Oe6_s02989	gi|179342784|gb|CP001029.1|	77.75	1753	327	55	4271	5990	1987114	1988836	0.0	1018
Oe6_s02989	gi|179342784|gb|CP001029.1|	77.21	961	180	30	1506	2448	5181221	5182160	8e-144	525
Oe6_s02989	gi|179342784|gb|CP001029.1|	76.97	343	67	9	6514	6850	1989315	1989651	1e-41	185
Oe6_s02989	gi|179342784|gb|CP001029.1|	86.58	149	13	5	7657	7801	1990603	1990748	3e-33	158
Oe6_s02989	gi|179342784|gb|CP001029.1|	86.11	108	11	4	7695	7800	2039158	2039263	7e-20	113
Oe6_s02989	gi|179342784|gb|CP001029.1|	87.50	80	10	0	7660	7739	382452	382373	9e-14	93.5
Oe6_s02989	gi|163661062|gb|CP000908.1|	85.75	1235	164	10	5	1233	4820487	4821715	0.0	1295
Oe6_s02989	gi|163661062|gb|CP000908.1|	80.42	1328	233	27	2663	3978	4823093	4824405	0.0	987
Oe6_s02989	gi|163661062|gb|CP000908.1|	76.79	349	75	6	6505	6850	2180256	2180601	3e-43	191
Oe6_s02989	gi|163661062|gb|CP000908.1|	89.78	137	12	2	7665	7800	2181521	2181656	3e-38	174
Oe6_s02989	gi|163661062|gb|CP000908.1|	88.00	75	9	0	7665	7739	319579	319505	1e-12	89.8
Oe6_s02989	gi|219944660|gb|CP001349.1|	84.94	1162	171	4	5	1164	4857202	4858361	0.0	1173
Oe6_s02989	gi|219944660|gb|CP001349.1|	79.66	1298	233	28	2669	3951	4859656	4860937	0.0	905
Oe6_s02989	gi|219944660|gb|CP001349.1|	76.55	1608	317	55	4271	5845	2056914	2058494	0.0	826
Oe6_s02989	gi|219944660|gb|CP001349.1|	93.48	92	6	0	7664	7755	2059270	2059361	4e-27	137
Oe6_s02989	gi|537382758|gb|CP003911.1|	83.93	1232	186	12	5	1230	4458037	4456812	0.0	1168
Oe6_s02989	gi|124257968|gb|CP000555.1|	84.58	1161	177	2	5	1164	1868948	1870107	0.0	1151
Oe6_s02989	gi|1052702473|emb|LT607803.1|	84.05	1179	177	10	5	1178	4820937	4822109	0.0	1125
Oe6_s02989	gi|760865928|dbj|AP014704.1|	84.26	1175	155	23	5	1164	1682389	1683548	0.0	1118
Oe6_s02989	gi|760865928|dbj|AP014704.1|	77.10	1607	322	42	4271	5851	1067175	1068761	0.0	887
Oe6_s02989	gi|760865928|dbj|AP014704.1|	76.66	1234	239	44	2721	3931	1686318	1685111	9e-178	638
Oe6_s02989	gi|760865928|dbj|AP014704.1|	90.57	106	4	5	7639	7741	1069696	1069798	2e-26	135
Oe6_s02989	gi|760865928|dbj|AP014704.1|	96.34	82	3	0	7665	7746	1069940	1070021	2e-26	135
Oe6_s02989	gi|315593157|gb|CP002417.1|	83.87	1172	180	9	5	1172	5136925	5135759	0.0	1109
Oe6_s02989	gi|951301122|gb|CP013140.1|	85.80	1049	139	9	5	1048	2599905	2600948	0.0	1103
Oe6_s02989	gi|951301122|gb|CP013140.1|	79.84	645	115	13	1782	2419	2601525	2602161	3e-123	457
Oe6_s02989	gi|951301122|gb|CP013140.1|	92.11	76	6	0	7664	7739	3977900	3977825	3e-18	108
Oe6_s02989	gi|239799596|gb|CP001635.1|	82.85	1236	192	19	5	1230	4290356	4289131	0.0	1090
Oe6_s02989	gi|1033652334|gb|CP011514.1|	83.60	1177	175	16	5	1172	3863625	3864792	0.0	1088
Oe6_s02989	gi|927307780|gb|CP010517.1|	83.56	1180	174	17	5	1174	417659	416490	0.0	1086
Oe6_s02989	gi|927307780|gb|CP010517.1|	77.50	689	137	15	1698	2377	416093	415414	2e-105	398
Oe6_s02989	gi|1105526405|dbj|AP014940.1|	85.31	1048	146	7	5	1048	3345425	3344382	0.0	1075
Oe6_s02989	gi|1105526405|dbj|AP014940.1|	80.03	596	107	10	1788	2377	3343804	3343215	2e-115	431
Oe6_s02989	gi|1105526405|dbj|AP014940.1|	73.28	1239	273	52	2716	3931	3341381	3342584	1e-106	401
Oe6_s02989	gi|1105526405|dbj|AP014940.1|	92.11	76	6	0	7664	7739	1827268	1827343	3e-18	108
Oe6_s02989	gi|1241526912|gb|CP023284.1|	83.29	1173	185	11	5	1172	1671245	1672411	0.0	1070
Oe6_s02989	gi|951306652|gb|CP013141.1|	83.18	1183	173	20	5	1174	3864279	3865448	0.0	1059
Oe6_s02989	gi|951306652|gb|CP013141.1|	92.11	76	6	0	7664	7739	4628202	4628127	3e-18	108
Oe6_s02989	gi|295429362|gb|CP002008.1|	84.62	1073	153	12	5	1071	4079935	4081001	0.0	1057
Oe6_s02989	gi|295429362|gb|CP002008.1|	76.53	784	161	19	3181	3951	4083303	4082530	3e-108	407
Oe6_s02989	gi|951704250|gb|CP011129.1|	83.09	1183	174	21	5	1174	3119881	3118712	0.0	1053
Oe6_s02989	gi|951704250|gb|CP011129.1|	92.11	76	6	0	7664	7739	1965229	1965304	3e-18	108
Oe6_s02989	gi|1129028662|gb|CP015583.1|	82.94	1178	185	11	5	1174	378934	377765	0.0	1048
Oe6_s02989	gi|317464132|gb|CP002446.1|	83.63	1130	169	16	5	1126	1436918	1438039	0.0	1048
Oe6_s02989	gi|317464132|gb|CP002446.1|	91.14	79	6	1	7665	7743	952899	952976	1e-17	106
Oe6_s02989	gi|1026294089|gb|CP015285.1|	84.45	1074	153	12	5	1071	3043624	3042558	0.0	1046
Oe6_s02989	gi|1003117797|gb|CP010951.1|	83.11	1172	174	20	5	1164	1370354	1369195	0.0	1046
Oe6_s02989	gi|1158824265|gb|CP018845.1|	82.83	1182	186	15	5	1178	922237	921065	0.0	1042
Oe6_s02989	gi|1158824265|gb|CP018845.1|	88.71	62	4	3	7666	7724	1454844	1454783	1e-07	73.1
Oe6_s02989	gi|1025712797|gb|CP015511.1|	84.80	1046	147	11	5	1044	926849	925810	0.0	1040
Oe6_s02989	gi|357428060|emb|FQ311873.1|	84.36	1074	154	12	5	1071	354429	353363	0.0	1040
Oe6_s02989	gi|1069439705|gb|CP017147.1|	82.48	1210	188	19	5	1202	2065336	2064139	0.0	1038
Oe6_s02989	gi|1069439705|gb|CP017147.1|	77.70	610	110	23	3335	3931	2062073	2062669	5e-91	350
Oe6_s02989	gi|1069439705|gb|CP017147.1|	97.40	77	2	0	7664	7740	216280	216356	2e-25	132
Oe6_s02989	gi|1069439705|gb|CP017147.1|	96.00	50	2	0	7691	7740	229402	229451	2e-10	82.4
Oe6_s02989	gi|1092246069|gb|CP017754.1|	82.77	1178	187	15	5	1174	3720576	3719407	0.0	1037
Oe6_s02989	gi|1092246069|gb|CP017754.1|	78.74	1176	230	18	5	1170	1697632	1696467	0.0	769
Oe6_s02989	gi|1092232049|gb|CP017748.1|	82.85	1172	185	15	11	1174	3495620	3496783	0.0	1037
Oe6_s02989	gi|1092232049|gb|CP017748.1|	78.74	1176	230	18	5	1170	1076232	1077397	0.0	769
Oe6_s02989	gi|1190214284|gb|CP021110.1|	82.72	1175	188	13	5	1172	1117026	1118192	0.0	1031
Oe6_s02989	gi|1092239519|gb|CP017751.1|	82.76	1172	186	15	11	1174	3596821	3595658	0.0	1031
Oe6_s02989	gi|1092239519|gb|CP017751.1|	78.67	1177	229	19	5	1170	1840478	1839313	0.0	763
Oe6_s02989	gi|1073960132|gb|CP017420.1|	82.92	1165	177	18	5	1161	1387490	1386340	0.0	1029
Oe6_s02989	gi|1073960132|gb|CP017420.1|	76.59	662	129	21	1776	2424	1385893	1385245	3e-88	340
Oe6_s02989	gi|1032560313|gb|CP015738.1|	82.69	1184	182	21	5	1177	251572	252743	0.0	1029
Oe6_s02989	gi|1032560313|gb|CP015738.1|	71.83	1150	285	33	2792	3926	255489	254364	8e-74	292
Oe6_s02989	gi|323371659|gb|CP002521.1|	82.83	1165	184	14	5	1164	3304973	3303820	0.0	1029
Oe6_s02989	gi|1190210190|gb|CP021109.1|	82.64	1175	189	13	5	1172	1224438	1225604	0.0	1026
Oe6_s02989	gi|1210964202|gb|CP022048.1|	84.51	1046	150	11	5	1044	129808	130847	0.0	1024
Oe6_s02989	gi|951709680|gb|CP011130.1|	82.27	1218	184	30	5	1206	2893038	2894239	0.0	1024
Oe6_s02989	gi|951709680|gb|CP011130.1|	92.11	76	6	0	7664	7739	1862465	1862540	3e-18	108
Oe6_s02989	gi|937996820|gb|CP012897.1|	84.50	1045	152	9	5	1044	2424394	2425433	0.0	1024
Oe6_s02989	gi|1246384536|gb|CP023465.1|	82.60	1184	178	26	5	1174	2872726	2873895	0.0	1020
Oe6_s02989	gi|1246384536|gb|CP023465.1|	92.11	76	6	0	7664	7739	1849852	1849927	3e-18	108
Oe6_s02989	gi|1240596700|gb|CP023064.1|	82.36	1185	195	13	4	1181	514761	515938	0.0	1018
Oe6_s02989	gi|221721649|gb|CP000628.1|	81.82	1243	198	22	4	1232	226562	227790	0.0	1018
Oe6_s02989	gi|1001855716|gb|CP014517.1|	82.40	1176	195	11	5	1174	2523274	2524443	0.0	1014
Oe6_s02989	gi|1001855716|gb|CP014517.1|	77.29	207	41	6	2726	2929	2527031	2526828	5e-21	117
Oe6_s02989	gi|1238365084|gb|CP022998.1|	81.66	1238	209	16	4	1232	807500	808728	0.0	1013
Oe6_s02989	gi|1188456711|gb|CP015118.1|	82.63	1169	179	22	5	1161	3381200	3380044	0.0	1013
Oe6_s02989	gi|1216368611|gb|CP022372.1|	82.37	1174	195	9	5	1172	2558013	2556846	0.0	1011
Oe6_s02989	gi|1216368611|gb|CP022372.1|	97.40	77	2	0	7664	7740	1243265	1243189	2e-25	132
Oe6_s02989	gi|951715918|gb|CP011131.1|	82.39	1181	186	19	5	1174	2663185	2664354	0.0	1009
Oe6_s02989	gi|951715918|gb|CP011131.1|	92.11	76	6	0	7664	7739	3915371	3915296	3e-18	108
Oe6_s02989	gi|86570155|gb|CP000250.1|	83.94	1077	147	19	8	1071	274203	275266	0.0	1007
Oe6_s02989	gi|86570155|gb|CP000250.1|	92.31	78	6	0	7665	7742	5102690	5102613	3e-19	111
Oe6_s02989	gi|1102966080|gb|CP010310.2|	81.94	1207	200	17	5	1202	1251695	1252892	0.0	1005
Oe6_s02989	gi|1102966080|gb|CP010310.2|	78.60	1056	209	16	5	1053	4200693	4201738	0.0	682
Oe6_s02989	gi|1059510386|gb|CP016464.1|	82.33	1177	190	18	5	1172	2060736	2061903	0.0	1005
Oe6_s02989	gi|1059510386|gb|CP016464.1|	97.40	77	2	0	7664	7740	4539766	4539842	2e-25	132
Oe6_s02989	gi|807383831|gb|CP011144.1|	83.61	1086	162	14	5	1081	193472	192394	0.0	1005
Oe6_s02989	gi|807383831|gb|CP011144.1|	91.46	82	6	1	7663	7744	3051940	3051860	3e-19	111
Oe6_s02989	gi|336036903|gb|CP001832.1|	81.97	1209	194	20	4	1200	329831	331027	0.0	1003
Oe6_s02989	gi|1110968739|gb|CP013054.1|	82.12	1186	196	14	4	1181	1003007	1004184	0.0	1002
Oe6_s02989	gi|1207858923|gb|CP021810.1|	81.89	1209	195	20	4	1200	1113872	1115068	0.0	998
Oe6_s02989	gi|1207851824|gb|CP021799.1|	81.89	1209	195	20	4	1200	1476938	1475742	0.0	998
Oe6_s02989	gi|744803694|gb|CP007642.1|	81.37	1256	207	24	4	1246	37746	38987	0.0	998
Oe6_s02989	gi|459643953|gb|CP004139.1|	81.89	1209	195	20	4	1200	1410722	1409526	0.0	998
Oe6_s02989	gi|407322769|emb|HE995408.1|	81.89	1209	195	20	4	1200	325078	326274	0.0	998
Oe6_s02989	gi|334097391|gb|CP002782.1|	81.89	1209	195	20	4	1200	765120	766316	0.0	998
Oe6_s02989	gi|30407151|emb|AL591985.1|	81.89	1209	195	20	4	1200	1410715	1409519	0.0	998
Oe6_s02989	gi|1190204763|gb|CP021108.1|	82.07	1177	199	11	4	1174	4695996	4694826	0.0	994
Oe6_s02989	gi|1207853680|gb|CP021218.1|	81.72	1209	197	20	4	1200	478779	479975	0.0	987
Oe6_s02989	gi|1050758791|dbj|AP017605.1|	82.74	1124	178	13	5	1120	6060909	6059794	0.0	987
Oe6_s02989	gi|933524805|gb|CP012406.1|	83.41	1073	166	10	5	1071	499503	500569	0.0	985
Oe6_s02989	gi|695169020|gb|CP009571.1|	83.63	1063	158	16	5	1059	2653594	2652540	0.0	985
Oe6_s02989	gi|695169020|gb|CP009571.1|	78.20	1069	202	27	5	1059	800117	801168	0.0	654
Oe6_s02989	gi|664782987|gb|CP008884.1|	82.08	1166	197	12	5	1164	902436	903595	0.0	985
Oe6_s02989	gi|664782987|gb|CP008884.1|	78.80	1179	232	16	5	1174	3486164	3487333	0.0	776
Oe6_s02989	gi|664782987|gb|CP008884.1|	90.91	77	7	0	7663	7739	2009545	2009621	4e-17	104
Oe6_s02989	gi|909841042|gb|CP012201.1|	83.21	1084	170	12	5	1081	1012185	1011107	0.0	983
Oe6_s02989	gi|1207858944|gb|CP021831.1|	81.64	1209	198	20	4	1200	575641	576837	0.0	981
Oe6_s02989	gi|1207858915|gb|CP021802.1|	81.64	1209	198	20	4	1200	943982	945178	0.0	981
Oe6_s02989	gi|873268460|gb|CP003937.2|	81.64	1209	198	20	4	1200	330890	332086	0.0	981
Oe6_s02989	gi|1200882378|emb|LT859959.1|	83.55	1064	157	15	5	1059	1532118	1531064	0.0	979
Oe6_s02989	gi|1200882378|emb|LT859959.1|	73.32	1072	267	18	5	1068	2280580	2279520	2e-99	377
Oe6_s02989	gi|1200882378|emb|LT859959.1|	78.40	611	108	21	3333	3931	1528877	1529475	8e-99	375
Oe6_s02989	gi|1200882378|emb|LT859959.1|	97.40	77	2	0	7665	7741	6159698	6159622	2e-25	132
Oe6_s02989	gi|1040745451|gb|CP016079.1|	82.33	1149	183	17	5	1143	2952832	2951694	0.0	979
Oe6_s02989	gi|556742848|ref|XM_005966881.1|	81.99	1166	198	7	5	1164	1220	61	0.0	979
Oe6_s02989	gi|971166764|gb|CP013729.1|	83.16	1087	165	14	5	1081	1319455	1318377	0.0	977
Oe6_s02989	gi|1242580919|gb|CP019487.1|	81.56	1209	199	20	4	1200	1305437	1304241	0.0	976
Oe6_s02989	gi|1242575183|gb|CP019484.1|	81.56	1209	199	20	4	1200	1529046	1527850	0.0	976
Oe6_s02989	gi|1214616074|gb|CP019586.1|	81.56	1209	199	20	4	1200	1372839	1371643	0.0	976
Oe6_s02989	gi|1207858941|gb|CP021828.1|	81.56	1209	199	20	4	1200	975627	974431	0.0	976
Oe6_s02989	gi|1207858936|gb|CP021823.1|	81.56	1209	199	20	4	1200	1097332	1096136	0.0	976
Oe6_s02989	gi|1207858933|gb|CP021820.1|	81.56	1209	199	20	4	1200	671722	672918	0.0	976
Oe6_s02989	gi|1207858927|gb|CP021814.1|	81.56	1209	199	20	4	1200	207203	208399	0.0	976
Oe6_s02989	gi|1207858919|gb|CP021806.1|	81.56	1209	199	20	4	1200	689734	688538	0.0	976
Oe6_s02989	gi|1207851820|gb|CP021795.1|	81.56	1209	199	20	4	1200	637364	636168	0.0	976
Oe6_s02989	gi|1040760067|gb|CP016171.1|	81.83	1178	198	13	5	1174	4460592	4459423	0.0	976
Oe6_s02989	gi|1040755036|gb|CP016170.1|	81.83	1178	198	13	5	1174	4385873	4384704	0.0	976
Oe6_s02989	gi|1030080662|gb|CP015614.1|	83.76	1053	147	19	4	1044	1723846	1724886	0.0	976
Oe6_s02989	gi|675830864|gb|CP009146.1|	81.56	1209	199	20	4	1200	325918	327114	0.0	976
Oe6_s02989	gi|333815122|gb|CP002742.1|	81.56	1209	199	20	4	1200	1567351	1568547	0.0	976
Oe6_s02989	gi|168192641|gb|CP000943.1|	78.30	1599	287	53	4302	5867	385245	383674	0.0	976
Oe6_s02989	gi|168192641|gb|CP000943.1|	80.00	1240	229	18	5	1234	6296285	6297515	0.0	898
Oe6_s02989	gi|168192641|gb|CP000943.1|	97.40	77	2	0	7665	7741	382813	382737	2e-25	132
Oe6_s02989	gi|1084410415|gb|CP011807.3|	81.50	1211	198	22	5	1202	1055298	1056495	0.0	972
Oe6_s02989	gi|1084410415|gb|CP011807.3|	78.98	1061	202	20	8	1059	3638099	3639147	0.0	704
Oe6_s02989	gi|852454696|gb|CP011930.1|	83.04	1085	170	13	5	1081	2795121	2796199	0.0	972
Oe6_s02989	gi|852454696|gb|CP011930.1|	81.25	96	14	4	7666	7757	2232352	2232447	3e-08	75.0
Oe6_s02989	gi|852454696|gb|CP011930.1|	88.71	62	4	3	7666	7724	2232520	2232581	1e-07	73.1
Oe6_s02989	gi|300072131|gb|CP002039.1|	83.04	1085	170	13	5	1081	2795505	2796583	0.0	972
Oe6_s02989	gi|300072131|gb|CP002039.1|	81.25	96	14	4	7666	7757	2232523	2232618	3e-08	75.0
Oe6_s02989	gi|300072131|gb|CP002039.1|	88.71	62	4	3	7666	7724	2232691	2232752	1e-07	73.1
Oe6_s02989	gi|1190831716|gb|CP021126.1|	80.96	1255	214	22	4	1246	38848	40089	0.0	970
Oe6_s02989	gi|777196577|emb|LN831029.1|	81.80	1165	202	9	5	1164	5664635	5663476	0.0	968
Oe6_s02989	gi|777196577|emb|LN831029.1|	78.92	1143	221	18	5	1137	5589691	5588559	0.0	758
Oe6_s02989	gi|777196577|emb|LN831029.1|	77.40	624	131	9	1785	2403	5663017	5662399	6e-95	363
Oe6_s02989	gi|440036399|gb|CP004015.1|	81.05	1240	213	18	4	1232	195155	196383	0.0	968
Oe6_s02989	gi|1062756882|gb|CP013136.1|	82.95	1085	171	13	5	1081	2772985	2774063	0.0	966
Oe6_s02989	gi|1062756882|gb|CP013136.1|	81.25	96	14	4	7666	7757	2207665	2207760	3e-08	75.0
Oe6_s02989	gi|1062756882|gb|CP013136.1|	88.71	62	4	3	7666	7724	2207833	2207894	1e-07	73.1
Oe6_s02989	gi|991940861|gb|CP014028.1|	81.82	1166	198	13	5	1164	1802110	1800953	0.0	966
Oe6_s02989	gi|991940861|gb|CP014028.1|	79.00	1143	220	18	5	1137	1727096	1725964	0.0	763
Oe6_s02989	gi|991940861|gb|CP014028.1|	77.24	624	132	9	1785	2403	1800494	1799876	3e-93	357
Oe6_s02989	gi|91680938|gb|CP000283.1|	82.55	1123	170	21	5	1114	675234	674125	0.0	965
Oe6_s02989	gi|91680938|gb|CP000283.1|	92.31	78	6	0	7665	7742	4820206	4820129	3e-19	111
Oe6_s02989	gi|1027477049|gb|CP011360.1|	82.55	1112	176	16	5	1107	8573188	8572086	0.0	963
Oe6_s02989	gi|1027477049|gb|CP011360.1|	74.79	1055	237	25	5	1046	2301387	2300349	2e-120	448
Oe6_s02989	gi|1027477049|gb|CP011360.1|	97.40	77	2	0	7665	7741	7792517	7792441	2e-25	132
Oe6_s02989	gi|47118316|dbj|BA000040.2|	82.55	1112	176	16	5	1107	147727	146625	0.0	963
Oe6_s02989	gi|47118316|dbj|BA000040.2|	74.79	1055	237	25	5	1046	2982004	2980966	2e-120	448
Oe6_s02989	gi|47118316|dbj|BA000040.2|	97.40	77	2	0	7665	7741	8472878	8472802	2e-25	132
Oe6_s02989	gi|158328513|dbj|AP009384.1|	82.19	1140	179	22	5	1132	2416986	2415859	0.0	959
Oe6_s02989	gi|158328513|dbj|AP009384.1|	74.44	622	131	26	3336	3943	2413723	2414330	9e-59	243
Oe6_s02989	gi|158328513|dbj|AP009384.1|	97.44	78	2	0	7665	7742	4865454	4865531	5e-26	134
Oe6_s02989	gi|690299662|gb|CP009448.1|	81.63	1165	204	9	5	1164	5144827	5143668	0.0	957
Oe6_s02989	gi|690299662|gb|CP009448.1|	79.06	1146	214	24	5	1137	5071249	5070117	0.0	763
Oe6_s02989	gi|690299662|gb|CP009448.1|	77.40	624	131	9	1785	2403	5143209	5142591	6e-95	363
Oe6_s02989	gi|657121522|gb|CP006581.1|	81.97	1148	189	15	5	1143	478179	477041	0.0	957
Oe6_s02989	gi|1227331345|gb|CP022566.1|	80.69	1253	221	19	4	1246	259172	257931	0.0	953
Oe6_s02989	gi|1059939161|gb|CP016447.1|	82.72	1088	172	15	5	1087	253638	252562	0.0	953
Oe6_s02989	gi|1243368917|gb|CP023314.1|	82.88	1069	173	7	5	1068	2075284	2076347	0.0	952
Oe6_s02989	gi|1209454441|gb|CP020917.1|	81.53	1175	199	17	5	1170	3621610	3622775	0.0	952
Oe6_s02989	gi|1073951170|gb|CP017433.1|	81.58	1167	201	13	5	1164	4626582	4625423	0.0	952
Oe6_s02989	gi|1073951170|gb|CP017433.1|	79.13	1145	215	22	5	1137	4562578	4561446	0.0	769
Oe6_s02989	gi|1073951170|gb|CP017433.1|	76.85	609	119	20	3334	3931	4623316	4623913	3e-83	324
Oe6_s02989	gi|874219584|gb|CP012046.1|	81.58	1167	201	13	5	1164	4839828	4838669	0.0	952
Oe6_s02989	gi|874219584|gb|CP012046.1|	79.13	1145	215	22	5	1137	4775745	4774613	0.0	769
Oe6_s02989	gi|874219584|gb|CP012046.1|	76.85	609	119	20	3334	3931	4836562	4837159	3e-83	324
Oe6_s02989	gi|507098404|emb|HE798385.1|	81.55	1165	205	9	5	1164	3448079	3449238	0.0	952
Oe6_s02989	gi|507098404|emb|HE798385.1|	79.06	1146	214	24	5	1137	3519874	3521006	0.0	763
Oe6_s02989	gi|507098404|emb|HE798385.1|	77.56	624	130	9	1785	2403	3449700	3450318	1e-96	368
Oe6_s02989	gi|220962111|gb|CP001340.1|	82.88	1069	173	7	5	1068	1981482	1982545	0.0	952
Oe6_s02989	gi|19172958|gb|AE005673.1|	82.88	1069	173	7	5	1068	1955506	1956569	0.0	952
Oe6_s02989	gi|47118328|dbj|BA000012.4|	81.61	1169	197	15	5	1164	5638139	5636980	0.0	952
Oe6_s02989	gi|1036306793|gb|CP011253.3|	81.14	1209	206	20	5	1202	1100446	1101643	0.0	950
Oe6_s02989	gi|1036306793|gb|CP011253.3|	77.61	1063	219	18	5	1059	3972719	3973770	2e-174	627
Oe6_s02989	gi|1209540702|gb|CP021995.1|	83.25	1051	156	19	4	1044	596435	597475	0.0	948
Oe6_s02989	gi|1010934172|gb|CP014845.1|	82.76	1073	173	12	5	1071	2217402	2218468	0.0	946
Oe6_s02989	gi|991880038|gb|CP014065.1|	81.49	1167	202	13	5	1164	2576041	2577200	0.0	946
Oe6_s02989	gi|991880038|gb|CP014065.1|	79.41	1146	210	24	5	1137	2642238	2643370	0.0	785
Oe6_s02989	gi|991880038|gb|CP014065.1|	77.29	612	111	24	3334	3931	2579306	2578709	1e-86	335
Oe6_s02989	gi|1110842695|gb|CP013481.2|	81.13	1208	202	25	8	1202	4447118	4445924	0.0	944
Oe6_s02989	gi|1110842695|gb|CP013481.2|	79.40	1063	200	19	5	1059	1722531	1721480	0.0	732
Oe6_s02989	gi|827413822|gb|CP011501.1|	81.13	1208	202	25	8	1202	1437017	1438211	0.0	944
Oe6_s02989	gi|827413822|gb|CP011501.1|	79.30	1063	201	18	5	1059	4237538	4238589	0.0	726
Oe6_s02989	gi|822481815|gb|CP011279.1|	81.13	1208	202	25	8	1202	3138929	3140123	0.0	944
Oe6_s02989	gi|822481815|gb|CP011279.1|	79.30	1063	201	18	5	1059	329669	330720	0.0	726
Oe6_s02989	gi|807145194|gb|CP010518.3|	81.13	1208	202	25	8	1202	3111390	3112584	0.0	944
Oe6_s02989	gi|807145194|gb|CP010518.3|	79.30	1063	201	18	5	1059	329669	330720	0.0	726
Oe6_s02989	gi|146189981|emb|CU234118.1|	82.03	1124	186	13	5	1120	1839549	1838434	0.0	942
Oe6_s02989	gi|146189981|emb|CU234118.1|	97.47	79	2	0	7665	7743	6448749	6448671	2e-26	135
Oe6_s02989	gi|333937619|emb|FR856862.1|	83.08	1046	165	12	5	1044	1889374	1890413	0.0	941
Oe6_s02989	gi|333937619|emb|FR856862.1|	77.16	626	119	18	3318	3931	1892748	1892135	8e-89	342
Oe6_s02989	gi|1231655129|emb|LT906435.1|	81.01	1206	207	21	8	1202	4308046	4306852	0.0	939
Oe6_s02989	gi|1231655129|emb|LT906435.1|	78.01	1064	213	18	5	1059	1403083	1402032	0.0	649
Oe6_s02989	gi|1102964773|gb|CP010431.2|	81.01	1206	207	21	8	1202	4308481	4307287	0.0	939
Oe6_s02989	gi|1102964773|gb|CP010431.2|	78.01	1064	213	18	5	1059	1403576	1402525	0.0	649
Oe6_s02989	gi|1051518725|gb|CP012334.1|	81.34	1179	197	19	5	1172	4146267	4145101	0.0	937
Oe6_s02989	gi|240861949|gb|CP001624.1|	80.48	1255	220	23	4	1246	551917	550676	0.0	937
Oe6_s02989	gi|627779227|gb|CP007569.1|	82.28	1106	170	18	5	1097	8509961	8511053	0.0	933
Oe6_s02989	gi|627779227|gb|CP007569.1|	76.15	935	207	16	5	931	4361145	4362071	2e-129	477
Oe6_s02989	gi|627779227|gb|CP007569.1|	100.00	79	0	0	7665	7743	6980165	6980087	7e-30	147
Oe6_s02989	gi|982209562|gb|CP013949.1|	82.08	1116	174	20	5	1107	664344	665446	0.0	929
Oe6_s02989	gi|982209562|gb|CP013949.1|	75.29	935	215	16	5	931	2589482	2588556	5e-116	433
Oe6_s02989	gi|982209562|gb|CP013949.1|	97.33	75	2	0	7665	7739	1201107	1201181	3e-24	128
Oe6_s02989	gi|1102963844|gb|CP006938.2|	80.81	1209	210	21	5	1202	1036245	1037442	0.0	928
Oe6_s02989	gi|1102963844|gb|CP006938.2|	78.52	1066	204	20	5	1059	3727467	3728518	0.0	676
Oe6_s02989	gi|1102963844|gb|CP006938.2|	78.39	995	197	17	74	1059	1485466	1484481	2e-175	630
Oe6_s02989	gi|1055816341|gb|CP009553.3|	80.79	1208	212	19	5	1202	4267024	4265827	0.0	928
Oe6_s02989	gi|1055816341|gb|CP009553.3|	78.52	1066	204	21	5	1059	1612192	1611141	0.0	676
Oe6_s02989	gi|1055816341|gb|CP009553.3|	78.59	995	195	17	74	1059	3851090	3852075	7e-179	641
Oe6_s02989	gi|1026261045|gb|CP015521.1|	82.86	1050	164	16	5	1046	2331745	2332786	0.0	928
Oe6_s02989	gi|1025018665|gb|CP015371.1|	80.81	1209	210	21	5	1202	3685488	3686685	0.0	928
Oe6_s02989	gi|1025018665|gb|CP015371.1|	78.42	1066	205	20	5	1059	912690	913741	0.0	671
Oe6_s02989	gi|1025018665|gb|CP015371.1|	78.39	995	197	17	74	1059	4093049	4092064	2e-175	630
Oe6_s02989	gi|1008420858|gb|CP007506.3|	80.83	1210	208	23	5	1202	1093283	1094480	0.0	928
Oe6_s02989	gi|1008420858|gb|CP007506.3|	78.42	1066	205	20	5	1059	3755381	3756432	0.0	671
Oe6_s02989	gi|1008420858|gb|CP007506.3|	78.49	995	196	17	74	1059	1543639	1542654	3e-177	636
Oe6_s02989	gi|676690190|gb|CP006900.2|	80.83	1210	208	23	5	1202	4086365	4085168	0.0	928
Oe6_s02989	gi|676690190|gb|CP006900.2|	78.52	1066	204	21	5	1059	1432303	1431252	0.0	676
Oe6_s02989	gi|676690190|gb|CP006900.2|	78.59	995	195	17	74	1059	3689937	3690922	7e-179	641
Oe6_s02989	gi|146403799|gb|CP000494.1|	81.76	1124	189	13	5	1120	2100268	2099153	0.0	926
Oe6_s02989	gi|146403799|gb|CP000494.1|	97.33	75	2	0	7665	7739	1490439	1490513	3e-24	128
Oe6_s02989	gi|146403799|gb|CP000494.1|	98.04	51	1	0	7689	7739	1665269	1665319	1e-12	89.8
Oe6_s02989	gi|1130060874|gb|CP019038.1|	82.73	1048	171	10	5	1047	494769	495811	0.0	924
Oe6_s02989	gi|698178797|gb|CP009291.1|	82.79	1046	168	12	5	1044	3281979	3283018	0.0	924
Oe6_s02989	gi|698178797|gb|CP009291.1|	77.19	627	117	20	3318	3931	3285353	3284740	8e-89	342
Oe6_s02989	gi|469477505|gb|CP004036.1|	81.12	1165	210	10	5	1164	1882271	1881112	0.0	924
Oe6_s02989	gi|736032532|gb|CP010313.1|	82.10	1106	172	19	5	1097	152815	151723	0.0	922
Oe6_s02989	gi|736032532|gb|CP010313.1|	75.89	1008	218	21	5	1001	7299093	7300086	8e-134	492
Oe6_s02989	gi|736032532|gb|CP010313.1|	100.00	79	0	0	7665	7743	1747614	1747692	7e-30	147
Oe6_s02989	gi|354952622|dbj|AP012206.1|	82.10	1106	172	19	5	1097	153642	152550	0.0	922
Oe6_s02989	gi|354952622|dbj|AP012206.1|	75.89	1008	218	21	5	1001	7265450	7266443	8e-134	492
Oe6_s02989	gi|354952622|dbj|AP012206.1|	100.00	79	0	0	7665	7743	1727201	1727279	7e-30	147
Oe6_s02989	gi|1109364050|gb|CP017637.1|	82.02	1107	173	19	5	1098	147756	146663	0.0	918
Oe6_s02989	gi|1109364050|gb|CP017637.1|	100.00	79	0	0	7665	7743	1639597	1639675	7e-30	147
Oe6_s02989	gi|991866325|gb|CP014060.1|	81.05	1166	209	11	5	1164	5406081	5407240	0.0	918
Oe6_s02989	gi|991866325|gb|CP014060.1|	79.06	1146	214	24	5	1137	5483219	5484351	0.0	763
Oe6_s02989	gi|991866325|gb|CP014060.1|	77.30	608	118	18	3334	3931	5409340	5408743	3e-88	340
Oe6_s02989	gi|408445111|emb|HE965807.1|	80.99	1173	209	14	5	1170	1361103	1362268	0.0	918
Oe6_s02989	gi|408445111|emb|HE965807.1|	79.54	1051	197	16	5	1046	1339869	1338828	0.0	734
Oe6_s02989	gi|170938221|emb|CU633750.1|	82.29	1073	178	12	5	1071	2421726	2422792	0.0	918
Oe6_s02989	gi|72120635|gb|CP000091.1|	81.06	1167	207	13	5	1164	1615033	1613874	0.0	918
Oe6_s02989	gi|456351576|dbj|AP012603.1|	81.83	1112	182	15	5	1106	6602360	6603461	0.0	917
Oe6_s02989	gi|456351576|dbj|AP012603.1|	73.92	1062	254	22	17	1068	3163465	3162417	1e-107	405
Oe6_s02989	gi|456351576|dbj|AP012603.1|	97.40	77	2	0	7665	7741	7189644	7189568	2e-25	132
Oe6_s02989	gi|1151212435|gb|CP017758.1|	80.85	1180	211	15	5	1177	3316800	3317971	0.0	913
Oe6_s02989	gi|991923171|gb|CP014013.1|	80.90	1173	210	14	5	1170	1707584	1708749	0.0	913
Oe6_s02989	gi|991923171|gb|CP014013.1|	79.35	1051	199	16	5	1046	1686896	1685855	0.0	723
Oe6_s02989	gi|408767172|emb|HE965806.1|	80.90	1173	210	14	5	1170	2324106	2322941	0.0	913
Oe6_s02989	gi|408767172|emb|HE965806.1|	79.26	1051	200	16	5	1046	2344814	2345855	0.0	717
Oe6_s02989	gi|408440925|emb|HE965803.1|	80.90	1173	210	14	5	1170	3845607	3844442	0.0	913
Oe6_s02989	gi|408440925|emb|HE965803.1|	79.50	1049	201	13	5	1046	3866418	3867459	0.0	734
Oe6_s02989	gi|401776252|emb|HE965805.1|	80.90	1173	210	14	5	1170	746352	745187	0.0	913
Oe6_s02989	gi|33567884|emb|BX640441.1|	80.90	1173	210	14	5	1170	6732	7897	0.0	913
Oe6_s02989	gi|1245322099|gb|CP023406.1|	81.89	1088	187	10	5	1087	1808928	1810010	0.0	909
Oe6_s02989	gi|1245322099|gb|CP023406.1|	91.25	80	6	1	7664	7743	2845786	2845708	3e-18	108
Oe6_s02989	gi|1044498541|gb|CP015318.1|	81.18	1148	200	14	8	1147	1996360	1995221	0.0	909
Oe6_s02989	gi|1044498541|gb|CP015318.1|	73.77	591	137	18	3350	3931	1993116	1993697	5e-51	217
Oe6_s02989	gi|583961951|emb|HG916855.1|	80.86	1181	204	19	5	1174	145617	144448	0.0	909
Oe6_s02989	gi|1239803343|gb|CP017123.1|	80.82	1173	211	14	5	1170	2865356	2866521	0.0	907
Oe6_s02989	gi|1239803343|gb|CP017123.1|	79.45	1051	198	16	5	1046	3108199	3109240	0.0	728
Oe6_s02989	gi|1239799721|gb|CP017122.1|	80.82	1173	211	14	5	1170	2865355	2866520	0.0	907
Oe6_s02989	gi|1239799721|gb|CP017122.1|	79.45	1051	198	16	5	1046	3108200	3109241	0.0	728
Oe6_s02989	gi|1239796093|gb|CP017121.1|	80.82	1173	211	14	5	1170	1190165	1189000	0.0	907
Oe6_s02989	gi|1239796093|gb|CP017121.1|	79.45	1051	198	16	5	1046	946273	945232	0.0	728
Oe6_s02989	gi|1239792470|gb|CP017120.1|	80.82	1173	211	14	5	1170	1211032	1209867	0.0	907
Oe6_s02989	gi|1239792470|gb|CP017120.1|	79.45	1051	198	16	5	1046	968191	967150	0.0	728
Oe6_s02989	gi|1239788867|gb|CP017119.1|	80.82	1173	211	14	5	1170	2867431	2868596	0.0	907
Oe6_s02989	gi|1239788867|gb|CP017119.1|	79.45	1051	198	16	5	1046	3112373	3113414	0.0	728
Oe6_s02989	gi|1239785228|gb|CP016968.1|	80.82	1173	211	14	5	1170	1191219	1190054	0.0	907
Oe6_s02989	gi|1239785228|gb|CP016968.1|	79.45	1051	198	16	5	1046	947326	946285	0.0	728
Oe6_s02989	gi|1239781595|gb|CP016967.1|	80.82	1173	211	14	5	1170	2862230	2863395	0.0	907
Oe6_s02989	gi|1239781595|gb|CP016967.1|	79.45	1051	198	16	5	1046	3105075	3106116	0.0	728
Oe6_s02989	gi|1239777961|gb|CP016966.1|	80.82	1173	211	14	5	1170	2866429	2867594	0.0	907
Oe6_s02989	gi|1239777961|gb|CP016966.1|	79.45	1051	198	16	5	1046	3109273	3110314	0.0	728
Oe6_s02989	gi|1239774332|gb|CP016965.1|	80.82	1173	211	14	5	1170	2861276	2862441	0.0	907
Oe6_s02989	gi|1239774332|gb|CP016965.1|	79.45	1051	198	16	5	1046	3104121	3105162	0.0	728
Oe6_s02989	gi|1239770693|gb|CP016964.1|	80.82	1173	211	14	5	1170	2862230	2863395	0.0	907
Oe6_s02989	gi|1239770693|gb|CP016964.1|	79.45	1051	198	16	5	1046	3105074	3106115	0.0	728
Oe6_s02989	gi|1239767058|gb|CP016963.1|	80.82	1173	211	14	5	1170	2862179	2863344	0.0	907
Oe6_s02989	gi|1239767058|gb|CP016963.1|	79.45	1051	198	16	5	1046	3105023	3106064	0.0	728
Oe6_s02989	gi|1239763424|gb|CP016962.1|	80.82	1173	211	14	5	1170	2864320	2865485	0.0	907
Oe6_s02989	gi|1239763424|gb|CP016962.1|	79.45	1051	198	16	5	1046	3107164	3108205	0.0	728
Oe6_s02989	gi|1239759787|gb|CP016961.1|	80.82	1173	211	14	5	1170	1191220	1190055	0.0	907
Oe6_s02989	gi|1239759787|gb|CP016961.1|	79.45	1051	198	16	5	1046	947327	946286	0.0	728
Oe6_s02989	gi|1239756148|gb|CP016960.1|	80.82	1173	211	14	5	1170	2864233	2865398	0.0	907
Oe6_s02989	gi|1239756148|gb|CP016960.1|	79.45	1051	198	16	5	1046	3107077	3108118	0.0	728
Oe6_s02989	gi|1239752508|gb|CP016959.1|	80.82	1173	211	14	5	1170	1190172	1189007	0.0	907
Oe6_s02989	gi|1239752508|gb|CP016959.1|	79.45	1051	198	16	5	1046	946279	945238	0.0	728
Oe6_s02989	gi|1239748847|gb|CP016958.1|	80.82	1173	211	14	5	1170	1192270	1191105	0.0	907
Oe6_s02989	gi|1239748847|gb|CP016958.1|	79.45	1051	198	16	5	1046	948377	947336	0.0	728
Oe6_s02989	gi|1239745196|gb|CP016957.1|	80.82	1173	211	14	5	1170	2884992	2886157	0.0	907
Oe6_s02989	gi|1239745196|gb|CP016957.1|	79.45	1051	198	16	5	1046	3127836	3128877	0.0	728
Oe6_s02989	gi|1239741550|gb|CP016956.1|	80.82	1173	211	14	5	1170	2888091	2889256	0.0	907
Oe6_s02989	gi|1239741550|gb|CP016956.1|	79.45	1051	198	16	5	1046	3133032	3134073	0.0	728
Oe6_s02989	gi|1231795214|emb|LT906484.1|	80.82	1173	211	14	5	1170	2861369	2860204	0.0	907
Oe6_s02989	gi|1231795214|emb|LT906484.1|	79.45	1051	198	16	5	1046	2617476	2616435	0.0	728
Oe6_s02989	gi|1231753996|emb|LT906471.1|	80.82	1173	211	14	5	1170	1524011	1522846	0.0	907
Oe6_s02989	gi|1231753996|emb|LT906471.1|	79.45	1051	198	16	5	1046	1280118	1279077	0.0	728
Oe6_s02989	gi|1227478499|gb|CP022362.1|	80.82	1173	211	14	5	1170	2867228	2868393	0.0	907
Oe6_s02989	gi|1227478499|gb|CP022362.1|	79.45	1051	198	16	5	1046	3110071	3111112	0.0	728
Oe6_s02989	gi|1227473093|gb|CP021403.1|	80.82	1173	211	14	5	1170	1191175	1190010	0.0	907
Oe6_s02989	gi|1227473093|gb|CP021403.1|	79.45	1051	198	16	5	1046	947300	946259	0.0	728
Oe6_s02989	gi|1227469469|gb|CP021402.1|	80.82	1173	211	14	5	1170	2791298	2792463	0.0	907
Oe6_s02989	gi|1227469469|gb|CP021402.1|	79.45	1051	198	16	5	1046	3035192	3036233	0.0	728
Oe6_s02989	gi|1227465846|gb|CP021401.1|	80.82	1173	211	14	5	1170	2860948	2862113	0.0	907
Oe6_s02989	gi|1227465846|gb|CP021401.1|	79.45	1051	198	16	5	1046	3103791	3104832	0.0	728
Oe6_s02989	gi|1153104644|gb|CP019957.1|	80.82	1173	211	14	5	1170	2912368	2913533	0.0	907
Oe6_s02989	gi|1153104644|gb|CP019957.1|	79.45	1051	198	16	5	1046	3136458	3137499	0.0	728
Oe6_s02989	gi|1142615653|gb|CP013951.1|	80.82	1173	211	14	5	1170	2865354	2866519	0.0	907
Oe6_s02989	gi|1142615653|gb|CP013951.1|	79.45	1051	198	16	5	1046	3108197	3109238	0.0	728
Oe6_s02989	gi|1142612019|gb|CP013907.1|	80.82	1173	211	14	5	1170	2868694	2869859	0.0	907
Oe6_s02989	gi|1142612019|gb|CP013907.1|	79.45	1051	198	16	5	1046	3111538	3112579	0.0	728
Oe6_s02989	gi|1142608388|gb|CP013906.1|	80.82	1173	211	14	5	1170	2870610	2871775	0.0	907
Oe6_s02989	gi|1142608388|gb|CP013906.1|	79.45	1051	198	16	5	1046	3113455	3114496	0.0	728
Oe6_s02989	gi|1142604750|gb|CP013905.1|	80.82	1173	211	14	5	1170	2867481	2868646	0.0	907
Oe6_s02989	gi|1142604750|gb|CP013905.1|	79.45	1051	198	16	5	1046	3110325	3111366	0.0	728
Oe6_s02989	gi|1142601117|gb|CP013904.1|	80.82	1173	211	14	5	1170	2868508	2869673	0.0	907
Oe6_s02989	gi|1142601117|gb|CP013904.1|	79.45	1051	198	16	5	1046	3111352	3112393	0.0	728
Oe6_s02989	gi|1142597477|gb|CP013903.1|	80.82	1173	211	14	5	1170	2867487	2868652	0.0	907
Oe6_s02989	gi|1142597477|gb|CP013903.1|	79.45	1051	198	16	5	1046	3110331	3111372	0.0	728
Oe6_s02989	gi|1142593839|gb|CP013902.1|	80.82	1173	211	14	5	1170	2873786	2874951	0.0	907
Oe6_s02989	gi|1142593839|gb|CP013902.1|	79.45	1051	198	16	5	1046	3116631	3117672	0.0	728
Oe6_s02989	gi|1142590207|gb|CP013901.1|	80.82	1173	211	14	5	1170	2866423	2867588	0.0	907
Oe6_s02989	gi|1142590207|gb|CP013901.1|	79.45	1051	198	16	5	1046	3109268	3110309	0.0	728
Oe6_s02989	gi|1142586578|gb|CP013900.1|	80.82	1173	211	14	5	1170	2868691	2869856	0.0	907
Oe6_s02989	gi|1142586578|gb|CP013900.1|	79.45	1051	198	16	5	1046	3111537	3112578	0.0	728
Oe6_s02989	gi|1142582962|gb|CP013899.1|	80.82	1173	211	14	5	1170	2863265	2864430	0.0	907
Oe6_s02989	gi|1142582962|gb|CP013899.1|	79.45	1051	198	16	5	1046	3105064	3106105	0.0	728
Oe6_s02989	gi|1142579331|gb|CP013898.1|	80.82	1173	211	14	5	1170	2865363	2866528	0.0	907
Oe6_s02989	gi|1142579331|gb|CP013898.1|	79.45	1051	198	16	5	1046	3108208	3109249	0.0	728
Oe6_s02989	gi|1142575702|gb|CP013897.1|	80.82	1173	211	14	5	1170	2867472	2868637	0.0	907
Oe6_s02989	gi|1142575702|gb|CP013897.1|	79.45	1051	198	16	5	1046	3110317	3111358	0.0	728
Oe6_s02989	gi|1142572074|gb|CP013896.1|	80.82	1173	211	14	5	1170	2865365	2866530	0.0	907
Oe6_s02989	gi|1142572074|gb|CP013896.1|	79.45	1051	198	16	5	1046	3108206	3109247	0.0	728
Oe6_s02989	gi|1142568445|gb|CP013895.1|	80.82	1173	211	14	5	1170	2866425	2867590	0.0	907
Oe6_s02989	gi|1142568445|gb|CP013895.1|	79.45	1051	198	16	5	1046	3111366	3112407	0.0	728
Oe6_s02989	gi|1142564814|gb|CP013894.1|	80.82	1173	211	14	5	1170	2863568	2864733	0.0	907
Oe6_s02989	gi|1142564814|gb|CP013894.1|	79.45	1051	198	16	5	1046	3106414	3107455	0.0	728
Oe6_s02989	gi|1142561189|gb|CP013893.1|	80.82	1173	211	14	5	1170	2867641	2868806	0.0	907
Oe6_s02989	gi|1142561189|gb|CP013893.1|	79.45	1051	198	16	5	1046	3110486	3111527	0.0	728
Oe6_s02989	gi|1142557562|gb|CP013892.1|	80.82	1173	211	14	5	1170	2867633	2868798	0.0	907
Oe6_s02989	gi|1142557562|gb|CP013892.1|	79.45	1051	198	16	5	1046	3110477	3111518	0.0	728
Oe6_s02989	gi|1142553937|gb|CP013891.1|	80.82	1173	211	14	5	1170	2862235	2863400	0.0	907
Oe6_s02989	gi|1142553937|gb|CP013891.1|	79.45	1051	198	16	5	1046	3105078	3106119	0.0	728
Oe6_s02989	gi|1142550304|gb|CP013890.1|	80.82	1173	211	14	5	1170	2868511	2869676	0.0	907
Oe6_s02989	gi|1142550304|gb|CP013890.1|	79.45	1051	198	16	5	1046	3112402	3113443	0.0	728
Oe6_s02989	gi|1142546676|gb|CP013889.1|	80.82	1173	211	14	5	1170	2865355	2866520	0.0	907
Oe6_s02989	gi|1142546676|gb|CP013889.1|	79.45	1051	198	16	5	1046	3108197	3109238	0.0	728
Oe6_s02989	gi|1142543046|gb|CP013888.1|	80.82	1173	211	14	5	1170	2867468	2868633	0.0	907
Oe6_s02989	gi|1142543046|gb|CP013888.1|	79.45	1051	198	16	5	1046	3111359	3112400	0.0	728
Oe6_s02989	gi|1142539423|gb|CP013887.1|	80.82	1173	211	14	5	1170	2866406	2867571	0.0	907
Oe6_s02989	gi|1142539423|gb|CP013887.1|	79.45	1051	198	16	5	1046	3109251	3110292	0.0	728
Oe6_s02989	gi|1142535794|gb|CP013886.1|	80.82	1173	211	14	5	1170	2868516	2869681	0.0	907
Oe6_s02989	gi|1142535794|gb|CP013886.1|	79.45	1051	198	16	5	1046	3111361	3112402	0.0	728
Oe6_s02989	gi|1142532172|gb|CP013885.1|	80.82	1173	211	14	5	1170	2869556	2870721	0.0	907
Oe6_s02989	gi|1142532172|gb|CP013885.1|	79.45	1051	198	16	5	1046	3112400	3113441	0.0	728
Oe6_s02989	gi|1142528540|gb|CP013884.1|	80.82	1173	211	14	5	1170	1190171	1189006	0.0	907
Oe6_s02989	gi|1142528540|gb|CP013884.1|	79.45	1051	198	16	5	1046	946279	945238	0.0	728
Oe6_s02989	gi|1142524939|gb|CP013883.1|	80.82	1173	211	14	5	1170	2861594	2862759	0.0	907
Oe6_s02989	gi|1142524939|gb|CP013883.1|	79.45	1051	198	16	5	1046	3104436	3105477	0.0	728
Oe6_s02989	gi|1142521306|gb|CP013882.1|	80.82	1173	211	14	5	1170	1191233	1190068	0.0	907
Oe6_s02989	gi|1142521306|gb|CP013882.1|	79.45	1051	198	16	5	1046	947339	946298	0.0	728
Oe6_s02989	gi|1142517671|gb|CP013881.1|	80.82	1173	211	14	5	1170	1191222	1190057	0.0	907
Oe6_s02989	gi|1142517671|gb|CP013881.1|	79.45	1051	198	16	5	1046	946280	945239	0.0	728
Oe6_s02989	gi|1142514041|gb|CP013880.1|	80.82	1173	211	14	5	1170	2866374	2867539	0.0	907
Oe6_s02989	gi|1142514041|gb|CP013880.1|	79.45	1051	198	16	5	1046	3109218	3110259	0.0	728
Oe6_s02989	gi|1142510407|gb|CP013879.1|	80.82	1173	211	14	5	1170	2866218	2867383	0.0	907
Oe6_s02989	gi|1142510407|gb|CP013879.1|	79.45	1051	198	16	5	1046	3109063	3110104	0.0	728
Oe6_s02989	gi|1142506772|gb|CP013878.1|	80.82	1173	211	14	5	1170	1190160	1188995	0.0	907
Oe6_s02989	gi|1142506772|gb|CP013878.1|	79.45	1051	198	16	5	1046	946279	945238	0.0	728
Oe6_s02989	gi|1142503144|gb|CP013877.1|	80.82	1173	211	14	5	1170	2864314	2865479	0.0	907
Oe6_s02989	gi|1142503144|gb|CP013877.1|	79.45	1051	198	16	5	1046	3108208	3109249	0.0	728
Oe6_s02989	gi|1142499509|gb|CP013876.1|	80.82	1173	211	14	5	1170	1189125	1187960	0.0	907
Oe6_s02989	gi|1142499509|gb|CP013876.1|	79.45	1051	198	16	5	1046	945232	944191	0.0	728
Oe6_s02989	gi|1142495878|gb|CP013875.1|	80.82	1173	211	14	5	1170	2863281	2864446	0.0	907
Oe6_s02989	gi|1142495878|gb|CP013875.1|	79.45	1051	198	16	5	1046	3106126	3107167	0.0	728
Oe6_s02989	gi|1142492244|gb|CP013874.1|	80.82	1173	211	14	5	1170	1191223	1190058	0.0	907
Oe6_s02989	gi|1142492244|gb|CP013874.1|	79.45	1051	198	16	5	1046	947330	946289	0.0	728
Oe6_s02989	gi|1142488611|gb|CP013873.1|	80.82	1173	211	14	5	1170	1193317	1192152	0.0	907
Oe6_s02989	gi|1142488611|gb|CP013873.1|	79.45	1051	198	16	5	1046	948375	947334	0.0	728
Oe6_s02989	gi|1142484985|gb|CP013872.1|	80.82	1173	211	14	5	1170	2900252	2901417	0.0	907
Oe6_s02989	gi|1142484985|gb|CP013872.1|	79.45	1051	198	16	5	1046	3144146	3145187	0.0	728
Oe6_s02989	gi|1142481356|gb|CP013871.1|	80.82	1173	211	14	5	1170	1190126	1188961	0.0	907
Oe6_s02989	gi|1142481356|gb|CP013871.1|	79.45	1051	198	16	5	1046	945183	944142	0.0	728
Oe6_s02989	gi|1142477724|gb|CP013870.1|	80.82	1173	211	14	5	1170	1188077	1186912	0.0	907
Oe6_s02989	gi|1142477724|gb|CP013870.1|	79.45	1051	198	16	5	1046	944183	943142	0.0	728
Oe6_s02989	gi|1142474095|gb|CP013869.1|	80.82	1173	211	14	5	1170	1192257	1191092	0.0	907
Oe6_s02989	gi|1142474095|gb|CP013869.1|	79.45	1051	198	16	5	1046	947315	946274	0.0	728
Oe6_s02989	gi|1142470280|gb|CP013868.1|	80.82	1173	211	14	5	1170	1191311	1190146	0.0	907
Oe6_s02989	gi|1142470280|gb|CP013868.1|	79.45	1051	198	16	5	1046	947418	946377	0.0	728
Oe6_s02989	gi|1142466651|gb|CP013866.1|	80.82	1173	211	14	5	1170	2863278	2864443	0.0	907
Oe6_s02989	gi|1142466651|gb|CP013866.1|	79.45	1051	198	16	5	1046	3106121	3107162	0.0	728
Oe6_s02989	gi|1142463009|gb|CP013865.1|	80.82	1173	211	14	5	1170	2868540	2869705	0.0	907
Oe6_s02989	gi|1142463009|gb|CP013865.1|	79.45	1051	198	16	5	1046	3111384	3112425	0.0	728
Oe6_s02989	gi|1142459380|gb|CP013864.1|	80.82	1173	211	14	5	1170	2865364	2866529	0.0	907
Oe6_s02989	gi|1142459380|gb|CP013864.1|	79.45	1051	198	16	5	1046	3108208	3109249	0.0	728
Oe6_s02989	gi|1142455749|gb|CP013863.1|	80.82	1173	211	14	5	1170	2868512	2869677	0.0	907
Oe6_s02989	gi|1142455749|gb|CP013863.1|	79.45	1051	198	16	5	1046	3111356	3112397	0.0	728
Oe6_s02989	gi|1142447243|gb|CP013096.1|	80.82	1173	211	14	5	1170	2866417	2867582	0.0	907
Oe6_s02989	gi|1142447243|gb|CP013096.1|	79.45	1051	198	16	5	1046	3109262	3110303	0.0	728
Oe6_s02989	gi|1142443614|gb|CP013095.1|	80.82	1173	211	14	5	1170	2863317	2864482	0.0	907
Oe6_s02989	gi|1142443614|gb|CP013095.1|	79.45	1051	198	16	5	1046	3106160	3107201	0.0	728
Oe6_s02989	gi|1142439983|gb|CP013094.1|	80.82	1173	211	14	5	1170	2867455	2868620	0.0	907
Oe6_s02989	gi|1142439983|gb|CP013094.1|	79.45	1051	198	16	5	1046	3110298	3111339	0.0	728
Oe6_s02989	gi|1142436355|gb|CP013093.1|	80.82	1173	211	14	5	1170	2866414	2867579	0.0	907
Oe6_s02989	gi|1142436355|gb|CP013093.1|	79.45	1051	198	16	5	1046	3109260	3110301	0.0	728
Oe6_s02989	gi|1142432725|gb|CP013092.1|	80.82	1173	211	14	5	1170	2866412	2867577	0.0	907
Oe6_s02989	gi|1142432725|gb|CP013092.1|	79.45	1051	198	16	5	1046	3109257	3110298	0.0	728
Oe6_s02989	gi|1142428396|gb|CP013091.1|	80.82	1173	211	14	5	1170	2868530	2869695	0.0	907
Oe6_s02989	gi|1142428396|gb|CP013091.1|	79.45	1051	198	16	5	1046	3111374	3112415	0.0	728
Oe6_s02989	gi|1142424009|gb|CP013090.1|	80.82	1173	211	14	5	1170	1190170	1189005	0.0	907
Oe6_s02989	gi|1142424009|gb|CP013090.1|	79.45	1051	198	16	5	1046	946277	945236	0.0	728
Oe6_s02989	gi|1142419747|gb|CP013089.1|	80.82	1173	211	14	5	1170	2870616	2871781	0.0	907
Oe6_s02989	gi|1142419747|gb|CP013089.1|	79.45	1051	198	16	5	1046	3113459	3114500	0.0	728
Oe6_s02989	gi|1142415298|gb|CP013088.1|	80.82	1173	211	14	5	1170	2867458	2868623	0.0	907
Oe6_s02989	gi|1142415298|gb|CP013088.1|	79.45	1051	198	16	5	1046	3110302	3111343	0.0	728
Oe6_s02989	gi|1142411341|gb|CP013087.1|	80.82	1173	211	14	5	1170	1191222	1190057	0.0	907
Oe6_s02989	gi|1142411341|gb|CP013087.1|	79.45	1051	198	16	5	1046	947329	946288	0.0	728
Oe6_s02989	gi|1142407707|gb|CP013086.1|	80.82	1173	211	14	5	1170	1190158	1188993	0.0	907
Oe6_s02989	gi|1142407707|gb|CP013086.1|	79.45	1051	198	16	5	1046	946265	945224	0.0	728
Oe6_s02989	gi|1142404078|gb|CP013085.1|	80.82	1173	211	14	5	1170	2863011	2864176	0.0	907
Oe6_s02989	gi|1142404078|gb|CP013085.1|	79.45	1051	198	16	5	1046	3106904	3107945	0.0	728
Oe6_s02989	gi|1142400436|gb|CP013084.1|	80.82	1173	211	14	5	1170	2862237	2863402	0.0	907
Oe6_s02989	gi|1142400436|gb|CP013084.1|	79.45	1051	198	16	5	1046	3105081	3106122	0.0	728
Oe6_s02989	gi|1142396808|gb|CP013083.1|	80.82	1173	211	14	5	1170	2863291	2864456	0.0	907
Oe6_s02989	gi|1142396808|gb|CP013083.1|	79.45	1051	198	16	5	1046	3106136	3107177	0.0	728
Oe6_s02989	gi|1142393178|gb|CP013082.1|	80.82	1173	211	14	5	1170	2865384	2866549	0.0	907
Oe6_s02989	gi|1142393178|gb|CP013082.1|	79.45	1051	198	16	5	1046	3108229	3109270	0.0	728
Oe6_s02989	gi|1142389543|gb|CP013081.1|	80.82	1173	211	14	5	1170	2868522	2869687	0.0	907
Oe6_s02989	gi|1142389543|gb|CP013081.1|	79.45	1051	198	16	5	1046	3111366	3112407	0.0	728
Oe6_s02989	gi|1142385911|gb|CP013080.1|	80.82	1173	211	14	5	1170	1189121	1187956	0.0	907
Oe6_s02989	gi|1142385911|gb|CP013080.1|	79.45	1051	198	16	5	1046	945227	944186	0.0	728
Oe6_s02989	gi|1142382275|gb|CP013079.1|	80.82	1173	211	14	5	1170	1190174	1189009	0.0	907
Oe6_s02989	gi|1142382275|gb|CP013079.1|	79.45	1051	198	16	5	1046	946279	945238	0.0	728
Oe6_s02989	gi|1142378648|gb|CP013078.1|	80.82	1173	211	14	5	1170	2861182	2862347	0.0	907
Oe6_s02989	gi|1142378648|gb|CP013078.1|	79.45	1051	198	16	5	1046	3104027	3105068	0.0	728
Oe6_s02989	gi|1142375014|gb|CP013077.1|	80.82	1173	211	14	5	1170	1190173	1189008	0.0	907
Oe6_s02989	gi|1142375014|gb|CP013077.1|	79.45	1051	198	16	5	1046	946280	945239	0.0	728
Oe6_s02989	gi|1142371356|gb|CP013076.1|	80.82	1173	211	14	5	1170	1251275	1250110	0.0	907
Oe6_s02989	gi|1142371356|gb|CP013076.1|	79.45	1051	198	16	5	1046	1008431	1007390	0.0	728
Oe6_s02989	gi|1142367725|gb|CP013075.1|	80.82	1173	211	14	5	1170	2882657	2883822	0.0	907
Oe6_s02989	gi|1142367725|gb|CP013075.1|	79.45	1051	198	16	5	1046	3125502	3126543	0.0	728
Oe6_s02989	gi|1142364087|gb|CP011768.1|	80.82	1173	211	14	5	1170	2866429	2867594	0.0	907
Oe6_s02989	gi|1142364087|gb|CP011768.1|	79.45	1051	198	16	5	1046	3109275	3110316	0.0	728
Oe6_s02989	gi|1142360458|gb|CP011767.1|	80.82	1173	211	14	5	1170	2865368	2866533	0.0	907
Oe6_s02989	gi|1142360458|gb|CP011767.1|	79.45	1051	198	16	5	1046	3108213	3109254	0.0	728
Oe6_s02989	gi|1142356826|gb|CP011766.1|	80.82	1173	211	14	5	1170	2869742	2870907	0.0	907
Oe6_s02989	gi|1142356826|gb|CP011766.1|	79.45	1051	198	16	5	1046	3112587	3113628	0.0	728
Oe6_s02989	gi|1142353124|gb|CP011765.1|	80.82	1173	211	14	5	1170	2867504	2868669	0.0	907
Oe6_s02989	gi|1142353124|gb|CP011765.1|	79.45	1051	198	16	5	1046	3110349	3111390	0.0	728
Oe6_s02989	gi|1142349482|gb|CP011764.1|	80.82	1173	211	14	5	1170	2867465	2868630	0.0	907
Oe6_s02989	gi|1142349482|gb|CP011764.1|	79.45	1051	198	16	5	1046	3110309	3111350	0.0	728
Oe6_s02989	gi|1142345795|gb|CP011763.1|	80.82	1173	211	14	5	1170	2867427	2868592	0.0	907
Oe6_s02989	gi|1142345795|gb|CP011763.1|	79.45	1051	198	16	5	1046	3110272	3111313	0.0	728
Oe6_s02989	gi|1142341518|gb|CP011762.1|	80.82	1173	211	14	5	1170	1212093	1210928	0.0	907
Oe6_s02989	gi|1142341518|gb|CP011762.1|	79.45	1051	198	16	5	1046	969248	968207	0.0	728
Oe6_s02989	gi|1142337228|gb|CP011761.1|	80.82	1173	211	14	5	1170	2868530	2869695	0.0	907
Oe6_s02989	gi|1142337228|gb|CP011761.1|	79.45	1051	198	16	5	1046	3111375	3112416	0.0	728
Oe6_s02989	gi|1142333029|gb|CP011760.1|	80.82	1173	211	14	5	1170	2869581	2870746	0.0	907
Oe6_s02989	gi|1142333029|gb|CP011760.1|	79.45	1051	198	16	5	1046	3112425	3113466	0.0	728
Oe6_s02989	gi|1142329372|gb|CP011759.1|	80.82	1173	211	14	5	1170	2868516	2869681	0.0	907
Oe6_s02989	gi|1142329372|gb|CP011759.1|	79.45	1051	198	16	5	1046	3112410	3113451	0.0	728
Oe6_s02989	gi|1142325742|gb|CP011758.1|	80.82	1173	211	14	5	1170	2867481	2868646	0.0	907
Oe6_s02989	gi|1142325742|gb|CP011758.1|	79.45	1051	198	16	5	1046	3110326	3111367	0.0	728
Oe6_s02989	gi|1142322115|gb|CP011757.1|	80.82	1173	211	14	5	1170	2865320	2866485	0.0	907
Oe6_s02989	gi|1142322115|gb|CP011757.1|	79.45	1051	198	16	5	1046	3108165	3109206	0.0	728
Oe6_s02989	gi|1142318484|gb|CP011756.1|	80.82	1173	211	14	5	1170	2866424	2867589	0.0	907
Oe6_s02989	gi|1142318484|gb|CP011756.1|	79.45	1051	198	16	5	1046	3109269	3110310	0.0	728
Oe6_s02989	gi|1142305971|gb|CP011755.1|	80.82	1173	211	14	5	1170	1212092	1210927	0.0	907
Oe6_s02989	gi|1142305971|gb|CP011755.1|	79.45	1051	198	16	5	1046	969248	968207	0.0	728
Oe6_s02989	gi|1142302342|gb|CP011754.1|	80.82	1173	211	14	5	1170	2863556	2864721	0.0	907
Oe6_s02989	gi|1142302342|gb|CP011754.1|	79.45	1051	198	16	5	1046	3106400	3107441	0.0	728
Oe6_s02989	gi|1142298707|gb|CP011753.1|	80.82	1173	211	14	5	1170	2796100	2797265	0.0	907
Oe6_s02989	gi|1142298707|gb|CP011753.1|	79.45	1051	198	16	5	1046	3038945	3039986	0.0	728
Oe6_s02989	gi|1142292288|gb|CP011752.1|	80.82	1173	211	14	5	1170	2862208	2863373	0.0	907
Oe6_s02989	gi|1142292288|gb|CP011752.1|	79.45	1051	198	16	5	1046	3105053	3106094	0.0	728
Oe6_s02989	gi|1142288656|gb|CP011751.1|	80.82	1173	211	14	5	1170	2867478	2868643	0.0	907
Oe6_s02989	gi|1142288656|gb|CP011751.1|	79.45	1051	198	16	5	1046	3112421	3113462	0.0	728
Oe6_s02989	gi|1142285022|gb|CP011750.1|	80.82	1173	211	14	5	1170	2867479	2868644	0.0	907
Oe6_s02989	gi|1142285022|gb|CP011750.1|	79.45	1051	198	16	5	1046	3110323	3111364	0.0	728
Oe6_s02989	gi|1142281385|gb|CP011749.1|	80.82	1173	211	14	5	1170	2867476	2868641	0.0	907
Oe6_s02989	gi|1142281385|gb|CP011749.1|	79.45	1051	198	16	5	1046	3110320	3111361	0.0	728
Oe6_s02989	gi|1142277752|gb|CP011748.1|	80.82	1173	211	14	5	1170	1209992	1208827	0.0	907
Oe6_s02989	gi|1142277752|gb|CP011748.1|	79.45	1051	198	16	5	1046	967148	966107	0.0	728
Oe6_s02989	gi|1142274118|gb|CP011747.1|	80.82	1173	211	14	5	1170	1211044	1209879	0.0	907
Oe6_s02989	gi|1142274118|gb|CP011747.1|	79.45	1051	198	16	5	1046	968199	967158	0.0	728
Oe6_s02989	gi|1142270487|gb|CP011746.1|	80.82	1173	211	14	5	1170	1211041	1209876	0.0	907
Oe6_s02989	gi|1142270487|gb|CP011746.1|	79.45	1051	198	16	5	1046	968198	967157	0.0	728
Oe6_s02989	gi|1142266853|gb|CP011745.1|	80.82	1173	211	14	5	1170	2867477	2868642	0.0	907
Oe6_s02989	gi|1142266853|gb|CP011745.1|	79.45	1051	198	16	5	1046	3110320	3111361	0.0	728
Oe6_s02989	gi|1142263223|gb|CP011744.1|	80.82	1173	211	14	5	1170	1191228	1190063	0.0	907
Oe6_s02989	gi|1142263223|gb|CP011744.1|	79.45	1051	198	16	5	1046	947334	946293	0.0	728
Oe6_s02989	gi|1142259590|gb|CP011743.1|	80.82	1173	211	14	5	1170	2869207	2870372	0.0	907
Oe6_s02989	gi|1142259590|gb|CP011743.1|	79.45	1051	198	16	5	1046	3112052	3113093	0.0	728
Oe6_s02989	gi|1142255963|gb|CP011742.1|	80.82	1173	211	14	5	1170	2866424	2867589	0.0	907
Oe6_s02989	gi|1142255963|gb|CP011742.1|	79.45	1051	198	16	5	1046	3109269	3110310	0.0	728
Oe6_s02989	gi|1142252334|gb|CP011741.1|	80.82	1173	211	14	5	1170	1190175	1189010	0.0	907
Oe6_s02989	gi|1142252334|gb|CP011741.1|	79.45	1051	198	16	5	1046	946281	945240	0.0	728
Oe6_s02989	gi|1142248705|gb|CP011740.1|	80.82	1173	211	14	5	1170	2867488	2868653	0.0	907
Oe6_s02989	gi|1142248705|gb|CP011740.1|	79.45	1051	198	16	5	1046	3110333	3111374	0.0	728
Oe6_s02989	gi|1142245073|gb|CP011739.1|	80.82	1173	211	14	5	1170	2866430	2867595	0.0	907
Oe6_s02989	gi|1142245073|gb|CP011739.1|	79.45	1051	198	16	5	1046	3109274	3110315	0.0	728
Oe6_s02989	gi|1142241441|gb|CP011738.1|	80.82	1173	211	14	5	1170	1190187	1189022	0.0	907
Oe6_s02989	gi|1142241441|gb|CP011738.1|	79.45	1051	198	16	5	1046	946294	945253	0.0	728
Oe6_s02989	gi|1142237790|gb|CP011737.1|	80.82	1173	211	14	5	1170	2870538	2871703	0.0	907
Oe6_s02989	gi|1142237790|gb|CP011737.1|	79.45	1051	198	16	5	1046	3113382	3114423	0.0	728
Oe6_s02989	gi|1142234129|gb|CP011736.1|	80.82	1173	211	14	5	1170	1194365	1193200	0.0	907
Oe6_s02989	gi|1142234129|gb|CP011736.1|	79.45	1051	198	16	5	1046	949422	948381	0.0	728
Oe6_s02989	gi|1142230498|gb|CP011735.1|	80.82	1173	211	14	5	1170	2865375	2866540	0.0	907
Oe6_s02989	gi|1142230498|gb|CP011735.1|	79.45	1051	198	16	5	1046	3108220	3109261	0.0	728
Oe6_s02989	gi|1142226859|gb|CP011734.1|	80.82	1173	211	14	5	1170	1193318	1192153	0.0	907
Oe6_s02989	gi|1142226859|gb|CP011734.1|	79.45	1051	198	16	5	1046	949426	948385	0.0	728
Oe6_s02989	gi|1142223185|gb|CP011733.1|	80.82	1173	211	14	5	1170	2867468	2868633	0.0	907
Oe6_s02989	gi|1142223185|gb|CP011733.1|	79.45	1051	198	16	5	1046	3110313	3111354	0.0	728
Oe6_s02989	gi|1142219495|gb|CP011732.1|	80.82	1173	211	14	5	1170	2830170	2831335	0.0	907
Oe6_s02989	gi|1142219495|gb|CP011732.1|	79.45	1051	198	16	5	1046	947328	946287	0.0	728
Oe6_s02989	gi|1142215836|gb|CP011731.1|	80.82	1173	211	14	5	1170	2867467	2868632	0.0	907
Oe6_s02989	gi|1142215836|gb|CP011731.1|	79.45	1051	198	16	5	1046	3110312	3111353	0.0	728
Oe6_s02989	gi|1142212179|gb|CP011730.1|	80.82	1173	211	14	5	1170	2866431	2867596	0.0	907
Oe6_s02989	gi|1142212179|gb|CP011730.1|	79.45	1051	198	16	5	1046	3110325	3111366	0.0	728
Oe6_s02989	gi|1142208511|gb|CP011729.1|	80.82	1173	211	14	5	1170	2865377	2866542	0.0	907
Oe6_s02989	gi|1142208511|gb|CP011729.1|	79.45	1051	198	16	5	1046	3108222	3109263	0.0	728
Oe6_s02989	gi|1142204851|gb|CP011728.1|	80.82	1173	211	14	5	1170	2867317	2868482	0.0	907
Oe6_s02989	gi|1142204851|gb|CP011728.1|	79.45	1051	198	16	5	1046	3110161	3111202	0.0	728
Oe6_s02989	gi|1142201185|gb|CP011727.1|	80.82	1173	211	14	5	1170	2867476	2868641	0.0	907
Oe6_s02989	gi|1142201185|gb|CP011727.1|	79.45	1051	198	16	5	1046	3111370	3112411	0.0	728
Oe6_s02989	gi|1142197497|gb|CP011726.1|	80.82	1173	211	14	5	1170	2950327	2951492	0.0	907
Oe6_s02989	gi|1142197497|gb|CP011726.1|	79.45	1051	198	16	5	1046	3194221	3195262	0.0	728
Oe6_s02989	gi|1142193835|gb|CP011725.1|	80.82	1173	211	14	5	1170	2951363	2952528	0.0	907
Oe6_s02989	gi|1142193835|gb|CP011725.1|	79.45	1051	198	16	5	1046	3195257	3196298	0.0	728
Oe6_s02989	gi|1142190164|gb|CP011724.1|	80.82	1173	211	14	5	1170	2951361	2952526	0.0	907
Oe6_s02989	gi|1142190164|gb|CP011724.1|	79.45	1051	198	16	5	1046	3195255	3196296	0.0	728
Oe6_s02989	gi|1142186504|gb|CP011723.1|	80.82	1173	211	14	5	1170	1191226	1190061	0.0	907
Oe6_s02989	gi|1142186504|gb|CP011723.1|	79.45	1051	198	16	5	1046	947332	946291	0.0	728
Oe6_s02989	gi|1142182860|gb|CP011722.1|	80.82	1173	211	14	5	1170	2866429	2867594	0.0	907
Oe6_s02989	gi|1142182860|gb|CP011722.1|	79.45	1051	198	16	5	1046	3111372	3112413	0.0	728
Oe6_s02989	gi|1142175705|gb|CP011721.1|	80.82	1173	211	14	5	1170	1191210	1190045	0.0	907
Oe6_s02989	gi|1142175705|gb|CP011721.1|	79.45	1051	198	16	5	1046	947316	946275	0.0	728
Oe6_s02989	gi|1142172078|gb|CP011720.1|	80.82	1173	211	14	5	1170	2862218	2863383	0.0	907
Oe6_s02989	gi|1142172078|gb|CP011720.1|	79.45	1051	198	16	5	1046	3105063	3106104	0.0	728
Oe6_s02989	gi|1142168449|gb|CP011719.1|	80.82	1173	211	14	5	1170	2866416	2867581	0.0	907
Oe6_s02989	gi|1142168449|gb|CP011719.1|	79.45	1051	198	16	5	1046	3109260	3110301	0.0	728
Oe6_s02989	gi|1142164788|gb|CP011718.1|	80.82	1173	211	14	5	1170	1191223	1190058	0.0	907
Oe6_s02989	gi|1142164788|gb|CP011718.1|	79.45	1051	198	16	5	1046	947329	946288	0.0	728
Oe6_s02989	gi|1142161123|gb|CP011717.1|	80.82	1173	211	14	5	1170	2870619	2871784	0.0	907
Oe6_s02989	gi|1142161123|gb|CP011717.1|	79.45	1051	198	16	5	1046	3113464	3114505	0.0	728
Oe6_s02989	gi|1142157444|gb|CP011716.1|	80.82	1173	211	14	5	1170	2869577	2870742	0.0	907
Oe6_s02989	gi|1142157444|gb|CP011716.1|	79.45	1051	198	16	5	1046	3112422	3113463	0.0	728
Oe6_s02989	gi|1142153811|gb|CP011715.1|	80.82	1173	211	14	5	1170	2866435	2867600	0.0	907
Oe6_s02989	gi|1142153811|gb|CP011715.1|	79.45	1051	198	16	5	1046	3109280	3110321	0.0	728
Oe6_s02989	gi|1142150149|gb|CP011714.1|	80.82	1173	211	14	5	1170	2868521	2869686	0.0	907
Oe6_s02989	gi|1142150149|gb|CP011714.1|	79.45	1051	198	16	5	1046	3111366	3112407	0.0	728
Oe6_s02989	gi|1142146498|gb|CP011713.1|	80.82	1173	211	14	5	1170	2866430	2867595	0.0	907
Oe6_s02989	gi|1142146498|gb|CP011713.1|	79.45	1051	198	16	5	1046	3111373	3112414	0.0	728
Oe6_s02989	gi|1142142677|gb|CP011712.1|	80.82	1173	211	14	5	1170	2866430	2867595	0.0	907
Oe6_s02989	gi|1142142677|gb|CP011712.1|	79.45	1051	198	16	5	1046	3111373	3112414	0.0	728
Oe6_s02989	gi|1142138995|gb|CP011711.1|	80.82	1173	211	14	5	1170	2864318	2865483	0.0	907
Oe6_s02989	gi|1142138995|gb|CP011711.1|	79.45	1051	198	16	5	1046	3107163	3108204	0.0	728
Oe6_s02989	gi|1142135352|gb|CP011710.1|	80.82	1173	211	14	5	1170	2868526	2869691	0.0	907
Oe6_s02989	gi|1142135352|gb|CP011710.1|	79.45	1051	198	16	5	1046	3111371	3112412	0.0	728
Oe6_s02989	gi|1142131680|gb|CP011709.1|	80.82	1173	211	14	5	1170	1211045	1209880	0.0	907
Oe6_s02989	gi|1142131680|gb|CP011709.1|	79.45	1051	198	16	5	1046	968200	967159	0.0	728
Oe6_s02989	gi|1142128050|gb|CP011708.1|	80.82	1173	211	14	5	1170	2869578	2870743	0.0	907
Oe6_s02989	gi|1142128050|gb|CP011708.1|	79.45	1051	198	16	5	1046	3112423	3113464	0.0	728
Oe6_s02989	gi|1142124394|gb|CP011707.1|	80.82	1173	211	14	5	1170	2950314	2951479	0.0	907
Oe6_s02989	gi|1142124394|gb|CP011707.1|	79.45	1051	198	16	5	1046	3194208	3195249	0.0	728
Oe6_s02989	gi|1142120776|gb|CP011706.1|	80.82	1173	211	14	5	1170	2863284	2864449	0.0	907
Oe6_s02989	gi|1142120776|gb|CP011706.1|	79.45	1051	198	16	5	1046	3106130	3107171	0.0	728
Oe6_s02989	gi|1142117141|gb|CP011705.1|	80.82	1173	211	14	5	1170	2868529	2869694	0.0	907
Oe6_s02989	gi|1142117141|gb|CP011705.1|	79.45	1051	198	16	5	1046	3111374	3112415	0.0	728
Oe6_s02989	gi|1142113466|gb|CP011704.1|	80.82	1173	211	14	5	1170	1190159	1188994	0.0	907
Oe6_s02989	gi|1142113466|gb|CP011704.1|	79.45	1051	198	16	5	1046	946277	945236	0.0	728
Oe6_s02989	gi|1142109858|gb|CP011703.1|	80.82	1173	211	14	5	1170	1189111	1187946	0.0	907
Oe6_s02989	gi|1142109858|gb|CP011703.1|	79.45	1051	198	16	5	1046	945218	944177	0.0	728
Oe6_s02989	gi|1142106229|gb|CP011702.1|	80.82	1173	211	14	5	1170	1211043	1209878	0.0	907
Oe6_s02989	gi|1142106229|gb|CP011702.1|	79.45	1051	198	16	5	1046	968198	967157	0.0	728
Oe6_s02989	gi|1142102588|gb|CP011701.1|	80.82	1173	211	14	5	1170	2868524	2869689	0.0	907
Oe6_s02989	gi|1142102588|gb|CP011701.1|	79.45	1051	198	16	5	1046	3111368	3112409	0.0	728
Oe6_s02989	gi|1142098870|gb|CP011700.1|	80.82	1173	211	14	5	1170	2866417	2867582	0.0	907
Oe6_s02989	gi|1142098870|gb|CP011700.1|	79.45	1051	198	16	5	1046	3109262	3110303	0.0	728
Oe6_s02989	gi|1142095215|gb|CP011699.1|	80.82	1173	211	14	5	1170	2951370	2952535	0.0	907
Oe6_s02989	gi|1142095215|gb|CP011699.1|	79.45	1051	198	16	5	1046	3195264	3196305	0.0	728
Oe6_s02989	gi|1142091575|gb|CP011698.1|	80.82	1173	211	14	5	1170	2865366	2866531	0.0	907
Oe6_s02989	gi|1142091575|gb|CP011698.1|	79.45	1051	198	16	5	1046	3108211	3109252	0.0	728
Oe6_s02989	gi|1142087945|gb|CP011697.1|	80.82	1173	211	14	5	1170	2868527	2869692	0.0	907
Oe6_s02989	gi|1142087945|gb|CP011697.1|	79.45	1051	198	16	5	1046	3111372	3112413	0.0	728
Oe6_s02989	gi|1142084319|gb|CP011696.1|	80.82	1173	211	14	5	1170	2865368	2866533	0.0	907
Oe6_s02989	gi|1142084319|gb|CP011696.1|	79.45	1051	198	16	5	1046	3108214	3109255	0.0	728
Oe6_s02989	gi|1142080690|gb|CP011695.1|	80.82	1173	211	14	5	1170	1191223	1190058	0.0	907
Oe6_s02989	gi|1142080690|gb|CP011695.1|	79.45	1051	198	16	5	1046	947330	946289	0.0	728
Oe6_s02989	gi|1142077058|gb|CP011694.1|	80.82	1173	211	14	5	1170	1191216	1190051	0.0	907
Oe6_s02989	gi|1142077058|gb|CP011694.1|	79.45	1051	198	16	5	1046	947328	946287	0.0	728
Oe6_s02989	gi|1142072241|gb|CP011693.1|	80.82	1173	211	14	5	1170	2866424	2867589	0.0	907
Oe6_s02989	gi|1142072241|gb|CP011693.1|	79.45	1051	198	16	5	1046	3109268	3110309	0.0	728
Oe6_s02989	gi|1142066883|gb|CP011692.1|	80.82	1173	211	14	5	1170	2862228	2863393	0.0	907
Oe6_s02989	gi|1142066883|gb|CP011692.1|	79.45	1051	198	16	5	1046	3105073	3106114	0.0	728
Oe6_s02989	gi|1142061578|gb|CP011691.1|	80.82	1173	211	14	5	1170	2862245	2863410	0.0	907
Oe6_s02989	gi|1142061578|gb|CP011691.1|	79.45	1051	198	16	5	1046	3105090	3106131	0.0	728
Oe6_s02989	gi|1142056623|gb|CP011690.1|	80.82	1173	211	14	5	1170	1189124	1187959	0.0	907
Oe6_s02989	gi|1142056623|gb|CP011690.1|	79.45	1051	198	16	5	1046	945230	944189	0.0	728
Oe6_s02989	gi|1142051035|gb|CP011689.1|	80.82	1173	211	14	5	1170	1194393	1193228	0.0	907
Oe6_s02989	gi|1142051035|gb|CP011689.1|	79.45	1051	198	16	5	1046	950499	949458	0.0	728
Oe6_s02989	gi|1142046028|gb|CP011688.1|	80.82	1173	211	14	5	1170	1191224	1190059	0.0	907
Oe6_s02989	gi|1142046028|gb|CP011688.1|	79.45	1051	198	16	5	1046	947330	946289	0.0	728
Oe6_s02989	gi|1142041268|gb|CP011687.1|	80.82	1173	211	14	5	1170	1190198	1189033	0.0	907
Oe6_s02989	gi|1142041268|gb|CP011687.1|	79.45	1051	198	16	5	1046	946304	945263	0.0	728
Oe6_s02989	gi|1142037637|gb|CP011244.1|	80.82	1173	211	14	5	1170	1212095	1210930	0.0	907
Oe6_s02989	gi|1142037637|gb|CP011244.1|	79.45	1051	198	16	5	1046	969250	968209	0.0	728
Oe6_s02989	gi|1142034005|gb|CP011243.1|	80.82	1173	211	14	5	1170	2869743	2870908	0.0	907
Oe6_s02989	gi|1142034005|gb|CP011243.1|	79.45	1051	198	16	5	1046	3112588	3113629	0.0	728
Oe6_s02989	gi|1142030374|gb|CP011242.1|	80.82	1173	211	14	5	1170	1212094	1210929	0.0	907
Oe6_s02989	gi|1142030374|gb|CP011242.1|	79.45	1051	198	16	5	1046	969249	968208	0.0	728
Oe6_s02989	gi|1142026745|gb|CP011241.1|	80.82	1173	211	14	5	1170	2866417	2867582	0.0	907
Oe6_s02989	gi|1142026745|gb|CP011241.1|	79.45	1051	198	16	5	1046	3109262	3110303	0.0	728
Oe6_s02989	gi|1142023115|gb|CP011240.1|	80.82	1173	211	14	5	1170	2865335	2866500	0.0	907
Oe6_s02989	gi|1142023115|gb|CP011240.1|	79.45	1051	198	16	5	1046	3108180	3109221	0.0	728
Oe6_s02989	gi|1142019484|gb|CP011239.1|	80.82	1173	211	14	5	1170	1192265	1191100	0.0	907
Oe6_s02989	gi|1142019484|gb|CP011239.1|	79.45	1051	198	16	5	1046	948371	947330	0.0	728
Oe6_s02989	gi|1142015859|gb|CP011238.1|	80.82	1173	211	14	5	1170	2863263	2864428	0.0	907
Oe6_s02989	gi|1142015859|gb|CP011238.1|	79.45	1051	198	16	5	1046	3106108	3107149	0.0	728
Oe6_s02989	gi|1142012227|gb|CP011237.1|	80.82	1173	211	14	5	1170	1211045	1209880	0.0	907
Oe6_s02989	gi|1142012227|gb|CP011237.1|	79.45	1051	198	16	5	1046	968200	967159	0.0	728
Oe6_s02989	gi|1142008598|gb|CP011236.1|	80.82	1173	211	14	5	1170	1191223	1190058	0.0	907
Oe6_s02989	gi|1142008598|gb|CP011236.1|	79.45	1051	198	16	5	1046	946280	945239	0.0	728
Oe6_s02989	gi|1142004970|gb|CP011235.1|	80.82	1173	211	14	5	1170	1190173	1189008	0.0	907
Oe6_s02989	gi|1142004970|gb|CP011235.1|	79.45	1051	198	16	5	1046	946279	945238	0.0	728
Oe6_s02989	gi|1142001334|gb|CP011234.1|	80.82	1173	211	14	5	1170	1192273	1191108	0.0	907
Oe6_s02989	gi|1142001334|gb|CP011234.1|	79.45	1051	198	16	5	1046	948378	947337	0.0	728
Oe6_s02989	gi|1141954129|gb|CP012134.1|	80.82	1173	211	14	5	1170	2867466	2868631	0.0	907
Oe6_s02989	gi|1141954129|gb|CP012134.1|	79.45	1051	198	16	5	1046	3110311	3111352	0.0	728
Oe6_s02989	gi|1141950501|gb|CP012133.1|	80.82	1173	211	14	5	1170	2865382	2866547	0.0	907
Oe6_s02989	gi|1141950501|gb|CP012133.1|	79.45	1051	198	16	5	1046	3108227	3109268	0.0	728
Oe6_s02989	gi|1141946868|gb|CP012132.1|	80.82	1173	211	14	5	1170	1211045	1209880	0.0	907
Oe6_s02989	gi|1141946868|gb|CP012132.1|	79.45	1051	198	16	5	1046	968200	967159	0.0	728
Oe6_s02989	gi|1141943237|gb|CP012131.1|	80.82	1173	211	14	5	1170	2867463	2868628	0.0	907
Oe6_s02989	gi|1141943237|gb|CP012131.1|	79.45	1051	198	16	5	1046	3110308	3111349	0.0	728
Oe6_s02989	gi|1141939616|gb|CP012130.1|	80.82	1173	211	14	5	1170	2898173	2899338	0.0	907
Oe6_s02989	gi|1141939616|gb|CP012130.1|	79.45	1051	198	16	5	1046	3142068	3143109	0.0	728
Oe6_s02989	gi|1141935985|gb|CP012129.1|	80.82	1173	211	14	5	1170	1193322	1192157	0.0	907
Oe6_s02989	gi|1141935985|gb|CP012129.1|	79.45	1051	198	16	5	1046	949428	948387	0.0	728
Oe6_s02989	gi|1141932363|gb|CP012089.1|	80.82	1173	211	14	5	1170	2908364	2909529	0.0	907
Oe6_s02989	gi|1141932363|gb|CP012089.1|	79.45	1051	198	16	5	1046	3132454	3133495	0.0	728
Oe6_s02989	gi|1141928735|gb|CP012088.1|	80.82	1173	211	14	5	1170	2865361	2866526	0.0	907
Oe6_s02989	gi|1141928735|gb|CP012088.1|	79.45	1051	198	16	5	1046	3108206	3109247	0.0	728
Oe6_s02989	gi|1141925104|gb|CP012087.1|	80.82	1173	211	14	5	1170	2867476	2868641	0.0	907
Oe6_s02989	gi|1141925104|gb|CP012087.1|	79.45	1051	198	16	5	1046	3110321	3111362	0.0	728
Oe6_s02989	gi|1141921477|gb|CP012086.1|	80.82	1173	211	14	5	1170	2865367	2866532	0.0	907
Oe6_s02989	gi|1141921477|gb|CP012086.1|	79.45	1051	198	16	5	1046	3108212	3109253	0.0	728
Oe6_s02989	gi|1141917850|gb|CP012085.1|	80.82	1173	211	14	5	1170	2868463	2869628	0.0	907
Oe6_s02989	gi|1141917850|gb|CP012085.1|	79.45	1051	198	16	5	1046	3112357	3113398	0.0	728
Oe6_s02989	gi|1141914225|gb|CP012084.1|	80.82	1173	211	14	5	1170	2951362	2952527	0.0	907
Oe6_s02989	gi|1141914225|gb|CP012084.1|	79.45	1051	198	16	5	1046	3195256	3196297	0.0	728
Oe6_s02989	gi|1141910599|gb|CP012083.1|	80.82	1173	211	14	5	1170	1192275	1191110	0.0	907
Oe6_s02989	gi|1141910599|gb|CP012083.1|	79.45	1051	198	16	5	1046	947332	946291	0.0	728
Oe6_s02989	gi|1141906971|gb|CP012082.1|	80.82	1173	211	14	5	1170	2865385	2866550	0.0	907
Oe6_s02989	gi|1141906971|gb|CP012082.1|	79.45	1051	198	16	5	1046	3110328	3111369	0.0	728
Oe6_s02989	gi|1141903342|gb|CP012081.1|	80.82	1173	211	14	5	1170	2865633	2866798	0.0	907
Oe6_s02989	gi|1141903342|gb|CP012081.1|	79.45	1051	198	16	5	1046	3108479	3109520	0.0	728
Oe6_s02989	gi|1141899717|gb|CP012080.1|	80.82	1173	211	14	5	1170	2863283	2864448	0.0	907
Oe6_s02989	gi|1141899717|gb|CP012080.1|	79.45	1051	198	16	5	1046	3106128	3107169	0.0	728
Oe6_s02989	gi|1141896091|gb|CP012079.1|	80.82	1173	211	14	5	1170	2864325	2865490	0.0	907
Oe6_s02989	gi|1141896091|gb|CP012079.1|	79.45	1051	198	16	5	1046	3107170	3108211	0.0	728
Oe6_s02989	gi|1141892464|gb|CP012078.1|	80.82	1173	211	14	5	1170	1190174	1189009	0.0	907
Oe6_s02989	gi|1141892464|gb|CP012078.1|	79.45	1051	198	16	5	1046	946280	945239	0.0	728
Oe6_s02989	gi|1141888836|gb|CP011208.1|	80.82	1173	211	14	5	1170	2862209	2863374	0.0	907
Oe6_s02989	gi|1141888836|gb|CP011208.1|	79.45	1051	198	16	5	1046	3105053	3106094	0.0	728
Oe6_s02989	gi|1141885200|gb|CP011207.1|	80.82	1173	211	14	5	1170	2870670	2871835	0.0	907
Oe6_s02989	gi|1141885200|gb|CP011207.1|	79.45	1051	198	16	5	1046	3113515	3114556	0.0	728
Oe6_s02989	gi|1141881576|gb|CP011206.1|	80.82	1173	211	14	5	1170	2866429	2867594	0.0	907
Oe6_s02989	gi|1141881576|gb|CP011206.1|	79.45	1051	198	16	5	1046	3109261	3110302	0.0	728
Oe6_s02989	gi|1141877936|gb|CP011205.1|	80.82	1173	211	14	5	1170	2866428	2867593	0.0	907
Oe6_s02989	gi|1141877936|gb|CP011205.1|	79.45	1051	198	16	5	1046	3109272	3110313	0.0	728
Oe6_s02989	gi|1141874302|gb|CP011204.1|	80.82	1173	211	14	5	1170	1246777	1245612	0.0	907
Oe6_s02989	gi|1141874302|gb|CP011204.1|	79.45	1051	198	16	5	1046	1003932	1002891	0.0	728
Oe6_s02989	gi|1141870673|gb|CP011203.1|	80.82	1173	211	14	5	1170	2867487	2868652	0.0	907
Oe6_s02989	gi|1141870673|gb|CP011203.1|	79.45	1051	198	16	5	1046	3110331	3111372	0.0	728
Oe6_s02989	gi|1141867042|gb|CP011202.1|	80.82	1173	211	14	5	1170	2868518	2869683	0.0	907
Oe6_s02989	gi|1141867042|gb|CP011202.1|	79.45	1051	198	16	5	1046	3111363	3112404	0.0	728
Oe6_s02989	gi|1141863412|gb|CP011201.1|	80.82	1173	211	14	5	1170	2869576	2870741	0.0	907
Oe6_s02989	gi|1141863412|gb|CP011201.1|	79.45	1051	198	16	5	1046	3112421	3113462	0.0	728
Oe6_s02989	gi|1141859782|gb|CP011200.1|	80.82	1173	211	14	5	1170	1211045	1209880	0.0	907
Oe6_s02989	gi|1141859782|gb|CP011200.1|	79.45	1051	198	16	5	1046	968200	967159	0.0	728
Oe6_s02989	gi|1141856156|gb|CP011199.1|	80.82	1173	211	14	5	1170	2863561	2864726	0.0	907
Oe6_s02989	gi|1141856156|gb|CP011199.1|	79.45	1051	198	16	5	1046	3106406	3107447	0.0	728
Oe6_s02989	gi|1141852525|gb|CP011198.1|	80.82	1173	211	14	5	1170	1191227	1190062	0.0	907
Oe6_s02989	gi|1141852525|gb|CP011198.1|	79.45	1051	198	16	5	1046	947333	946292	0.0	728
Oe6_s02989	gi|1141848892|gb|CP011197.1|	80.82	1173	211	14	5	1170	1211047	1209882	0.0	907
Oe6_s02989	gi|1141848892|gb|CP011197.1|	79.45	1051	198	16	5	1046	968201	967160	0.0	728
Oe6_s02989	gi|1141845264|gb|CP011196.1|	80.82	1173	211	14	5	1170	2867466	2868631	0.0	907
Oe6_s02989	gi|1141845264|gb|CP011196.1|	79.45	1051	198	16	5	1046	3110311	3111352	0.0	728
Oe6_s02989	gi|1141841636|gb|CP011195.1|	80.82	1173	211	14	5	1170	2862515	2863680	0.0	907
Oe6_s02989	gi|1141841636|gb|CP011195.1|	79.45	1051	198	16	5	1046	3105360	3106401	0.0	728
Oe6_s02989	gi|1141838005|gb|CP011194.1|	80.82	1173	211	14	5	1170	1209999	1208834	0.0	907
Oe6_s02989	gi|1141838005|gb|CP011194.1|	79.45	1051	198	16	5	1046	967153	966112	0.0	728
Oe6_s02989	gi|1141834371|gb|CP011193.1|	80.82	1173	211	14	5	1170	2794565	2795730	0.0	907
Oe6_s02989	gi|1141834371|gb|CP011193.1|	79.45	1051	198	16	5	1046	3038458	3039499	0.0	728
Oe6_s02989	gi|1141830747|gb|CP011192.1|	80.82	1173	211	14	5	1170	2863283	2864448	0.0	907
Oe6_s02989	gi|1141830747|gb|CP011192.1|	79.45	1051	198	16	5	1046	3106127	3107168	0.0	728
Oe6_s02989	gi|1141827120|gb|CP011191.1|	80.82	1173	211	14	5	1170	2861782	2862947	0.0	907
Oe6_s02989	gi|1141827120|gb|CP011191.1|	79.45	1051	198	16	5	1046	3104626	3105667	0.0	728
Oe6_s02989	gi|1141823501|gb|CP011190.1|	80.82	1173	211	14	5	1170	1446956	1445791	0.0	907
Oe6_s02989	gi|1141823501|gb|CP011190.1|	79.45	1051	198	16	5	1046	1205159	1204118	0.0	728
Oe6_s02989	gi|1141819870|gb|CP011189.1|	80.82	1173	211	14	5	1170	2867465	2868630	0.0	907
Oe6_s02989	gi|1141819870|gb|CP011189.1|	79.45	1051	198	16	5	1046	3110310	3111351	0.0	728
Oe6_s02989	gi|1141816237|gb|CP011188.1|	80.82	1173	211	14	5	1170	1190162	1188997	0.0	907
Oe6_s02989	gi|1141816237|gb|CP011188.1|	79.45	1051	198	16	5	1046	946268	945227	0.0	728
Oe6_s02989	gi|1141812606|gb|CP011187.1|	80.82	1173	211	14	5	1170	1192273	1191108	0.0	907
Oe6_s02989	gi|1141812606|gb|CP011187.1|	79.45	1051	198	16	5	1046	948379	947338	0.0	728
Oe6_s02989	gi|1141808976|gb|CP011186.1|	80.82	1173	211	14	5	1170	2869562	2870727	0.0	907
Oe6_s02989	gi|1141808976|gb|CP011186.1|	79.45	1051	198	16	5	1046	3112407	3113448	0.0	728
Oe6_s02989	gi|1141805350|gb|CP011185.1|	80.82	1173	211	14	5	1170	1190174	1189009	0.0	907
Oe6_s02989	gi|1141805350|gb|CP011185.1|	79.45	1051	198	16	5	1046	946279	945238	0.0	728
Oe6_s02989	gi|1141801719|gb|CP011184.1|	80.82	1173	211	14	5	1170	1190174	1189009	0.0	907
Oe6_s02989	gi|1141801719|gb|CP011184.1|	79.45	1051	198	16	5	1046	946280	945239	0.0	728
Oe6_s02989	gi|1141798093|gb|CP011183.1|	80.82	1173	211	14	5	1170	1190177	1189012	0.0	907
Oe6_s02989	gi|1141798093|gb|CP011183.1|	79.45	1051	198	16	5	1046	946282	945241	0.0	728
Oe6_s02989	gi|1141794462|gb|CP011182.1|	80.82	1173	211	14	5	1170	1191224	1190059	0.0	907
Oe6_s02989	gi|1141794462|gb|CP011182.1|	79.45	1051	198	16	5	1046	947329	946288	0.0	728
Oe6_s02989	gi|1141790828|gb|CP011181.1|	80.82	1173	211	14	5	1170	2866428	2867593	0.0	907
Oe6_s02989	gi|1141790828|gb|CP011181.1|	79.45	1051	198	16	5	1046	3109272	3110313	0.0	728
Oe6_s02989	gi|1141787198|gb|CP011180.1|	80.82	1173	211	14	5	1170	1190173	1189008	0.0	907
Oe6_s02989	gi|1141787198|gb|CP011180.1|	79.45	1051	198	16	5	1046	946279	945238	0.0	728
Oe6_s02989	gi|1141783568|gb|CP011179.1|	80.82	1173	211	14	5	1170	1189124	1187959	0.0	907
Oe6_s02989	gi|1141783568|gb|CP011179.1|	79.45	1051	198	16	5	1046	945229	944188	0.0	728
Oe6_s02989	gi|1141779936|gb|CP011178.1|	80.82	1173	211	14	5	1170	1192307	1191142	0.0	907
Oe6_s02989	gi|1141779936|gb|CP011178.1|	79.45	1051	198	16	5	1046	948413	947372	0.0	728
Oe6_s02989	gi|1141776308|gb|CP011177.1|	80.82	1173	211	14	5	1170	2866967	2868132	0.0	907
Oe6_s02989	gi|1141776308|gb|CP011177.1|	79.45	1051	198	16	5	1046	3109812	3110853	0.0	728
Oe6_s02989	gi|1141772680|gb|CP011176.1|	80.82	1173	211	14	5	1170	2862229	2863394	0.0	907
Oe6_s02989	gi|1141772680|gb|CP011176.1|	79.45	1051	198	16	5	1046	3105075	3106116	0.0	728
Oe6_s02989	gi|1141769060|gb|CP011175.1|	80.82	1173	211	14	5	1170	2875362	2876527	0.0	907
Oe6_s02989	gi|1141769060|gb|CP011175.1|	79.45	1051	198	16	5	1046	3118204	3119245	0.0	728
Oe6_s02989	gi|1141765430|gb|CP011174.1|	80.82	1173	211	14	5	1170	1190173	1189008	0.0	907
Oe6_s02989	gi|1141765430|gb|CP011174.1|	79.45	1051	198	16	5	1046	946279	945238	0.0	728
Oe6_s02989	gi|1141761802|gb|CP011173.1|	80.82	1173	211	14	5	1170	1190175	1189010	0.0	907
Oe6_s02989	gi|1141761802|gb|CP011173.1|	79.45	1051	198	16	5	1046	946280	945239	0.0	728
Oe6_s02989	gi|1141758175|gb|CP011172.1|	80.82	1173	211	14	5	1170	1189125	1187960	0.0	907
Oe6_s02989	gi|1141758175|gb|CP011172.1|	79.45	1051	198	16	5	1046	945231	944190	0.0	728
Oe6_s02989	gi|1141754544|gb|CP011171.1|	80.82	1173	211	14	5	1170	1191236	1190071	0.0	907
Oe6_s02989	gi|1141754544|gb|CP011171.1|	79.45	1051	198	16	5	1046	947342	946301	0.0	728
Oe6_s02989	gi|1141750910|gb|CP011170.1|	80.82	1173	211	14	5	1170	2865381	2866546	0.0	907
Oe6_s02989	gi|1141750910|gb|CP011170.1|	79.45	1051	198	16	5	1046	3108226	3109267	0.0	728
Oe6_s02989	gi|1141747284|gb|CP011169.1|	80.82	1173	211	14	5	1170	1189128	1187963	0.0	907
Oe6_s02989	gi|1141747284|gb|CP011169.1|	79.45	1051	198	16	5	1046	945232	944191	0.0	728
Oe6_s02989	gi|1141743663|gb|CP011168.1|	80.82	1173	211	14	5	1170	2859235	2860400	0.0	907
Oe6_s02989	gi|1141743663|gb|CP011168.1|	79.45	1051	198	16	5	1046	3103129	3104170	0.0	728
Oe6_s02989	gi|1141740036|gb|CP011167.1|	80.82	1173	211	14	5	1170	2865394	2866559	0.0	907
Oe6_s02989	gi|1141740036|gb|CP011167.1|	79.45	1051	198	16	5	1046	3108238	3109279	0.0	728
Oe6_s02989	gi|1089728910|gb|CP017405.1|	80.82	1173	211	14	5	1170	3144304	3145469	0.0	907
Oe6_s02989	gi|1089728910|gb|CP017405.1|	79.45	1051	198	16	5	1046	3387147	3388188	0.0	728
Oe6_s02989	gi|1089723184|gb|CP017404.1|	80.82	1173	211	14	5	1170	3015314	3016479	0.0	907
Oe6_s02989	gi|1089723184|gb|CP017404.1|	79.45	1051	198	16	5	1046	3258158	3259199	0.0	728
Oe6_s02989	gi|1089718099|gb|CP017403.1|	80.82	1173	211	14	5	1170	1246415	1245250	0.0	907
Oe6_s02989	gi|1089718099|gb|CP017403.1|	79.45	1051	198	16	5	1046	1004850	1003809	0.0	728
Oe6_s02989	gi|1089712838|gb|CP017402.1|	80.82	1173	211	14	5	1170	2888986	2890151	0.0	907
Oe6_s02989	gi|1089712838|gb|CP017402.1|	79.45	1051	198	16	5	1046	3132879	3133920	0.0	728
Oe6_s02989	gi|1051530453|gb|CP016342.1|	80.82	1173	211	14	5	1170	1165639	1166804	0.0	907
Oe6_s02989	gi|1051530453|gb|CP016342.1|	79.16	1051	201	16	5	1046	1145031	1143990	0.0	712
Oe6_s02989	gi|1044683738|gb|CP016338.1|	80.82	1173	211	14	5	1170	2888982	2890147	0.0	907
Oe6_s02989	gi|1044683738|gb|CP016338.1|	79.45	1051	198	16	5	1046	3132876	3133917	0.0	728
Oe6_s02989	gi|1044680101|gb|CP012128.1|	80.82	1173	211	14	5	1170	2814868	2816033	0.0	907
Oe6_s02989	gi|1044680101|gb|CP012128.1|	79.45	1051	198	16	5	1046	3054465	3055506	0.0	728
Oe6_s02989	gi|1043771215|gb|CP015771.1|	80.82	1173	211	14	5	1170	5714	4549	0.0	907
Oe6_s02989	gi|1043771215|gb|CP015771.1|	80.82	1173	211	14	5	1170	4116845	4115680	0.0	907
Oe6_s02989	gi|1043771215|gb|CP015771.1|	79.45	1051	198	16	5	1046	3872951	3871910	0.0	728
Oe6_s02989	gi|1043767574|gb|CP015770.1|	80.82	1173	211	14	5	1170	3137608	3138773	0.0	907
Oe6_s02989	gi|1043767574|gb|CP015770.1|	79.45	1051	198	16	5	1046	3381503	3382544	0.0	728
Oe6_s02989	gi|1043763926|gb|CP015769.1|	80.82	1173	211	14	5	1170	3123434	3124599	0.0	907
Oe6_s02989	gi|1043763926|gb|CP015769.1|	79.45	1051	198	16	5	1046	3367316	3368357	0.0	728
Oe6_s02989	gi|1043760279|gb|CP015768.1|	80.82	1173	211	14	5	1170	2658706	2659871	0.0	907
Oe6_s02989	gi|1043760279|gb|CP015768.1|	79.45	1051	198	16	5	1046	2902601	2903642	0.0	728
Oe6_s02989	gi|1043756628|gb|CP015767.1|	80.82	1173	211	14	5	1170	941951	940786	0.0	907
Oe6_s02989	gi|1043756628|gb|CP015767.1|	79.45	1051	198	16	5	1046	698057	697016	0.0	728
Oe6_s02989	gi|1043753047|gb|CP015766.1|	80.82	1173	211	14	5	1170	3760973	3759808	0.0	907
Oe6_s02989	gi|1043753047|gb|CP015766.1|	79.45	1051	198	16	5	1046	3517086	3516045	0.0	728
Oe6_s02989	gi|1043749406|gb|CP015765.1|	80.82	1173	211	14	5	1170	3107911	3109076	0.0	907
Oe6_s02989	gi|1043749406|gb|CP015765.1|	79.45	1051	198	16	5	1046	3351805	3352846	0.0	728
Oe6_s02989	gi|1043745762|gb|CP015764.1|	80.82	1173	211	14	5	1170	1901265	1902430	0.0	907
Oe6_s02989	gi|1043745762|gb|CP015764.1|	79.45	1051	198	16	5	1046	2145158	2146199	0.0	728
Oe6_s02989	gi|1043742117|gb|CP015763.1|	80.82	1173	211	14	5	1170	1328672	1329837	0.0	907
Oe6_s02989	gi|1043742117|gb|CP015763.1|	79.45	1051	198	16	5	1046	1572569	1573610	0.0	728
Oe6_s02989	gi|1043738533|gb|CP015762.1|	80.82	1173	211	14	5	1170	2873598	2874763	0.0	907
Oe6_s02989	gi|1043738533|gb|CP015762.1|	79.45	1051	198	16	5	1046	3116438	3117479	0.0	728
Oe6_s02989	gi|1043734900|gb|CP015760.1|	80.82	1173	211	14	5	1170	2870034	2871199	0.0	907
Oe6_s02989	gi|1043734900|gb|CP015760.1|	79.45	1051	198	16	5	1046	3112879	3113920	0.0	728
Oe6_s02989	gi|1043731272|gb|CP015759.1|	80.82	1173	211	14	5	1170	3025979	3027144	0.0	907
Oe6_s02989	gi|1043731272|gb|CP015759.1|	79.45	1051	198	16	5	1046	3268825	3269866	0.0	728
Oe6_s02989	gi|1043727620|gb|CP015761.1|	80.82	1173	211	14	5	1170	1524939	1523774	0.0	907
Oe6_s02989	gi|1043727620|gb|CP015761.1|	79.45	1051	198	16	5	1046	1281045	1280004	0.0	728
Oe6_s02989	gi|1021433232|gb|CP011255.1|	80.82	1173	211	14	5	1170	2871080	2872245	0.0	907
Oe6_s02989	gi|1021433232|gb|CP011255.1|	79.45	1051	198	16	5	1046	3112876	3113917	0.0	728
Oe6_s02989	gi|1013052288|gb|CP010347.1|	80.82	1173	211	14	5	1170	1808050	1809215	0.0	907
Oe6_s02989	gi|1013052288|gb|CP010347.1|	79.45	1051	198	16	5	1046	2050895	2051936	0.0	728
Oe6_s02989	gi|1013048682|gb|CP010266.1|	80.82	1173	211	14	5	1170	2021078	2022243	0.0	907
Oe6_s02989	gi|1013048682|gb|CP010266.1|	79.45	1051	198	16	5	1046	2263923	2264964	0.0	728
Oe6_s02989	gi|1013045079|gb|CP010265.1|	80.82	1173	211	14	5	1170	1191390	1190225	0.0	907
Oe6_s02989	gi|1013045079|gb|CP010265.1|	79.45	1051	198	16	5	1046	946447	945406	0.0	728
Oe6_s02989	gi|1013041479|gb|CP010264.1|	80.82	1173	211	14	5	1170	2861783	2862948	0.0	907
Oe6_s02989	gi|1013041479|gb|CP010264.1|	79.45	1051	198	16	5	1046	3104629	3105670	0.0	728
Oe6_s02989	gi|1013037874|gb|CP010263.1|	80.82	1173	211	14	5	1170	2865379	2866544	0.0	907
Oe6_s02989	gi|1013037874|gb|CP010263.1|	79.45	1051	198	16	5	1046	3108224	3109265	0.0	728
Oe6_s02989	gi|1013034272|gb|CP010262.1|	80.82	1173	211	14	5	1170	2863560	2864725	0.0	907
Oe6_s02989	gi|1013034272|gb|CP010262.1|	79.45	1051	198	16	5	1046	3106393	3107434	0.0	728
Oe6_s02989	gi|1013030669|gb|CP010261.1|	80.82	1173	211	14	5	1170	2864609	2865774	0.0	907
Oe6_s02989	gi|1013030669|gb|CP010261.1|	79.45	1051	198	16	5	1046	3107443	3108484	0.0	728
Oe6_s02989	gi|1013027066|gb|CP010260.1|	80.82	1173	211	14	5	1170	2865367	2866532	0.0	907
Oe6_s02989	gi|1013027066|gb|CP010260.1|	79.45	1051	198	16	5	1046	3108214	3109255	0.0	728
Oe6_s02989	gi|1013023462|gb|CP010259.1|	80.82	1173	211	14	5	1170	2864332	2865497	0.0	907
Oe6_s02989	gi|1013023462|gb|CP010259.1|	79.45	1051	198	16	5	1046	3107177	3108218	0.0	728
Oe6_s02989	gi|1013019860|gb|CP010258.1|	80.82	1173	211	14	5	1170	1211045	1209880	0.0	907
Oe6_s02989	gi|1013019860|gb|CP010258.1|	79.45	1051	198	16	5	1046	968200	967159	0.0	728
Oe6_s02989	gi|1013016256|gb|CP010250.1|	80.82	1173	211	14	5	1170	1191222	1190057	0.0	907
Oe6_s02989	gi|1013016256|gb|CP010250.1|	79.45	1051	198	16	5	1046	947329	946288	0.0	728
Oe6_s02989	gi|1013012662|gb|CP010257.1|	80.82	1173	211	14	5	1170	2866416	2867581	0.0	907
Oe6_s02989	gi|1013012662|gb|CP010257.1|	79.45	1051	198	16	5	1046	3109261	3110302	0.0	728
Oe6_s02989	gi|1013009059|gb|CP010256.1|	80.82	1173	211	14	5	1170	2867468	2868633	0.0	907
Oe6_s02989	gi|1013009059|gb|CP010256.1|	79.45	1051	198	16	5	1046	3110314	3111355	0.0	728
Oe6_s02989	gi|1013005454|gb|CP010255.1|	80.82	1173	211	14	5	1170	2866417	2867582	0.0	907
Oe6_s02989	gi|1013005454|gb|CP010255.1|	79.45	1051	198	16	5	1046	3109263	3110304	0.0	728
Oe6_s02989	gi|1013001852|gb|CP010254.1|	80.82	1173	211	14	5	1170	2865363	2866528	0.0	907
Oe6_s02989	gi|1013001852|gb|CP010254.1|	79.45	1051	198	16	5	1046	3108208	3109249	0.0	728
Oe6_s02989	gi|1012998250|gb|CP010253.1|	80.82	1173	211	14	5	1170	1191227	1190062	0.0	907
Oe6_s02989	gi|1012998250|gb|CP010253.1|	79.45	1051	198	16	5	1046	947333	946292	0.0	728
Oe6_s02989	gi|1012994647|gb|CP010252.1|	80.82	1173	211	14	5	1170	1191228	1190063	0.0	907
Oe6_s02989	gi|1012994647|gb|CP010252.1|	79.45	1051	198	16	5	1046	947334	946293	0.0	728
Oe6_s02989	gi|1012991043|gb|CP010251.1|	80.82	1173	211	14	5	1170	2865382	2866547	0.0	907
Oe6_s02989	gi|1012991043|gb|CP010251.1|	79.45	1051	198	16	5	1046	3108227	3109268	0.0	728
Oe6_s02989	gi|1012987437|gb|CP010249.1|	80.82	1173	211	14	5	1170	1190172	1189007	0.0	907
Oe6_s02989	gi|1012987437|gb|CP010249.1|	79.45	1051	198	16	5	1046	946278	945237	0.0	728
Oe6_s02989	gi|1012951734|gb|CP010962.1|	80.82	1173	211	14	5	1170	2865347	2866512	0.0	907
Oe6_s02989	gi|1012951734|gb|CP010962.1|	79.45	1051	198	16	5	1046	3108190	3109231	0.0	728
Oe6_s02989	gi|1012948136|gb|CP010961.1|	80.82	1173	211	14	5	1170	2869999	2871164	0.0	907
Oe6_s02989	gi|1012948136|gb|CP010961.1|	79.45	1051	198	16	5	1046	3111795	3112836	0.0	728
Oe6_s02989	gi|1012944513|gb|CP010844.1|	80.82	1173	211	14	5	1170	1211043	1209878	0.0	907
Oe6_s02989	gi|1012944513|gb|CP010844.1|	79.45	1051	198	16	5	1046	968200	967159	0.0	728
Oe6_s02989	gi|1012940890|gb|CP010841.1|	80.82	1173	211	14	5	1170	1191221	1190056	0.0	907
Oe6_s02989	gi|1012940890|gb|CP010841.1|	79.45	1051	198	16	5	1046	947328	946287	0.0	728
Oe6_s02989	gi|1012937267|gb|CP010840.1|	80.82	1173	211	14	5	1170	1191220	1190055	0.0	907
Oe6_s02989	gi|1012937267|gb|CP010840.1|	79.45	1051	198	16	5	1046	947326	946285	0.0	728
Oe6_s02989	gi|1012933644|gb|CP010839.1|	80.82	1173	211	14	5	1170	1211040	1209875	0.0	907
Oe6_s02989	gi|1012933644|gb|CP010839.1|	79.45	1051	198	16	5	1046	968196	967155	0.0	728
Oe6_s02989	gi|1012930012|gb|CP010838.1|	80.82	1173	211	14	5	1170	2865378	2866543	0.0	907
Oe6_s02989	gi|1012930012|gb|CP010838.1|	79.45	1051	198	16	5	1046	3108223	3109264	0.0	728
Oe6_s02989	gi|1012926412|gb|CP010964.1|	80.82	1173	211	14	5	1170	2908774	2909939	0.0	907
Oe6_s02989	gi|1012926412|gb|CP010964.1|	79.45	1051	198	16	5	1046	3132864	3133905	0.0	728
Oe6_s02989	gi|1012922791|gb|CP010963.1|	80.82	1173	211	14	5	1170	1421153	1419988	0.0	907
Oe6_s02989	gi|1012922791|gb|CP010963.1|	79.45	1051	198	16	5	1046	1178302	1177261	0.0	728
Oe6_s02989	gi|1012919188|gb|CP010847.1|	80.82	1173	211	14	5	1170	2865367	2866532	0.0	907
Oe6_s02989	gi|1012919188|gb|CP010847.1|	79.45	1051	198	16	5	1046	3108212	3109253	0.0	728
Oe6_s02989	gi|1012915578|gb|CP010846.1|	80.82	1173	211	14	5	1170	1191224	1190059	0.0	907
Oe6_s02989	gi|1012915578|gb|CP010846.1|	79.45	1051	198	16	5	1046	946280	945239	0.0	728
Oe6_s02989	gi|1012911989|gb|CP010845.1|	80.82	1173	211	14	5	1170	2906444	2907609	0.0	907
Oe6_s02989	gi|1012911989|gb|CP010845.1|	79.45	1051	198	16	5	1046	3150337	3151378	0.0	728
Oe6_s02989	gi|1012908363|gb|CP010843.1|	80.82	1173	211	14	5	1170	1209995	1208830	0.0	907
Oe6_s02989	gi|1012908363|gb|CP010843.1|	79.45	1051	198	16	5	1046	967152	966111	0.0	728
Oe6_s02989	gi|1012904761|gb|CP010842.1|	80.82	1173	211	14	5	1170	1191186	1190021	0.0	907
Oe6_s02989	gi|1012904761|gb|CP010842.1|	79.45	1051	198	16	5	1046	947289	946248	0.0	728
Oe6_s02989	gi|991852837|gb|CP014153.1|	80.82	1173	211	14	5	1170	1647224	1648389	0.0	907
Oe6_s02989	gi|991852837|gb|CP014153.1|	79.45	1051	198	16	5	1046	1890008	1891049	0.0	728
Oe6_s02989	gi|973420427|gb|CP010966.1|	80.82	1173	211	14	5	1170	2867477	2868642	0.0	907
Oe6_s02989	gi|973420427|gb|CP010966.1|	79.45	1051	198	16	5	1046	3110321	3111362	0.0	728
Oe6_s02989	gi|973416827|gb|CP010965.1|	80.82	1173	211	14	5	1170	1190171	1189006	0.0	907
Oe6_s02989	gi|973416827|gb|CP010965.1|	79.45	1051	198	16	5	1046	946278	945237	0.0	728
Oe6_s02989	gi|937412521|gb|CP011401.1|	80.82	1173	211	14	5	1170	1191222	1190057	0.0	907
Oe6_s02989	gi|937412521|gb|CP011401.1|	79.45	1051	198	16	5	1046	947327	946286	0.0	728
Oe6_s02989	gi|937409066|gb|CP011400.1|	80.82	1173	211	14	5	1170	2580765	2581930	0.0	907
Oe6_s02989	gi|937409066|gb|CP011400.1|	79.45	1051	198	16	5	1046	2824659	2825700	0.0	728
Oe6_s02989	gi|937404317|gb|CP011448.1|	80.82	1173	211	14	5	1170	2869566	2870731	0.0	907
Oe6_s02989	gi|937404317|gb|CP011448.1|	79.45	1051	198	16	5	1046	3112336	3113377	0.0	728
Oe6_s02989	gi|937400854|gb|CP011447.1|	80.82	1173	211	14	5	1170	2867484	2868649	0.0	907
Oe6_s02989	gi|937400854|gb|CP011447.1|	79.45	1051	198	16	5	1046	3110329	3111370	0.0	728
Oe6_s02989	gi|937393878|gb|CP011446.1|	80.82	1173	211	14	5	1170	2863284	2864449	0.0	907
Oe6_s02989	gi|937393878|gb|CP011446.1|	79.45	1051	198	16	5	1046	3106130	3107171	0.0	728
Oe6_s02989	gi|937390412|gb|CP011445.1|	80.82	1173	211	14	5	1170	2341461	2340296	0.0	907
Oe6_s02989	gi|937390412|gb|CP011445.1|	79.45	1051	198	16	5	1046	2098617	2097576	0.0	728
Oe6_s02989	gi|937386949|gb|CP011444.1|	80.82	1173	211	14	5	1170	2057434	2056269	0.0	907
Oe6_s02989	gi|937386949|gb|CP011444.1|	79.45	1051	198	16	5	1046	1813541	1812500	0.0	728
Oe6_s02989	gi|937383491|gb|CP011443.1|	80.82	1173	211	14	5	1170	1192272	1191107	0.0	907
Oe6_s02989	gi|937383491|gb|CP011443.1|	79.45	1051	198	16	5	1046	948377	947336	0.0	728
Oe6_s02989	gi|937380000|gb|CP011442.1|	80.82	1173	211	14	5	1170	2866872	2868037	0.0	907
Oe6_s02989	gi|937380000|gb|CP011442.1|	79.45	1051	198	16	5	1046	3109717	3110758	0.0	728
Oe6_s02989	gi|937376494|gb|CP011441.1|	80.82	1173	211	14	5	1170	1190179	1189014	0.0	907
Oe6_s02989	gi|937376494|gb|CP011441.1|	79.45	1051	198	16	5	1046	946285	945244	0.0	728
Oe6_s02989	gi|937372929|gb|CP011440.1|	80.82	1173	211	14	5	1170	1192250	1191085	0.0	907
Oe6_s02989	gi|937372929|gb|CP011440.1|	79.45	1051	198	16	5	1046	947319	946278	0.0	728
Oe6_s02989	gi|821319309|emb|LN849008.1|	80.82	1173	211	14	5	1170	1526107	1524942	0.0	907
Oe6_s02989	gi|821319309|emb|LN849008.1|	79.45	1051	198	16	5	1046	1281164	1280123	0.0	728
Oe6_s02989	gi|742220477|gb|CP010323.1|	80.82	1173	211	14	5	1170	2784994	2783829	0.0	907
Oe6_s02989	gi|742220477|gb|CP010323.1|	79.45	1051	198	16	5	1046	2545401	2544360	0.0	728
Oe6_s02989	gi|719637823|gb|CP009752.1|	80.82	1173	211	14	5	1170	2891317	2892482	0.0	907
Oe6_s02989	gi|719637823|gb|CP009752.1|	79.45	1051	198	16	5	1046	3117485	3118526	0.0	728
Oe6_s02989	gi|719633757|gb|CP009751.1|	80.82	1173	211	14	5	1170	1190173	1189008	0.0	907
Oe6_s02989	gi|719633757|gb|CP009751.1|	79.45	1051	198	16	5	1046	946279	945238	0.0	728
Oe6_s02989	gi|332380677|gb|CP002695.1|	80.82	1173	211	14	5	1170	2919711	2920876	0.0	907
Oe6_s02989	gi|332380677|gb|CP002695.1|	79.45	1051	198	16	5	1046	3160492	3161533	0.0	728
Oe6_s02989	gi|33565729|emb|BX640426.1|	80.82	1173	211	14	5	1170	119952	121117	0.0	907
Oe6_s02989	gi|33565729|emb|BX640426.1|	79.16	1051	201	16	5	1046	99344	98303	0.0	712
Oe6_s02989	gi|33563676|emb|BX640419.1|	80.82	1173	211	14	5	1170	115076	116241	0.0	907
Oe6_s02989	gi|33563676|emb|BX640419.1|	79.45	1051	198	16	5	1046	339166	340207	0.0	728
Oe6_s02989	gi|563343116|gb|CP006912.1|	82.25	1065	171	16	4	1059	1079321	1080376	0.0	904
Oe6_s02989	gi|563343116|gb|CP006912.1|	93.59	78	5	0	7665	7742	3191913	3191836	5e-21	117
Oe6_s02989	gi|1027791556|emb|LN901633.1|	80.85	1170	204	18	5	1164	662213	663372	0.0	902
Oe6_s02989	gi|1027791556|emb|LN901633.1|	75.32	932	200	28	5	921	2068959	2069875	4e-112	420
Oe6_s02989	gi|1027791556|emb|LN901633.1|	100.00	79	0	0	7665	7743	3299864	3299786	7e-30	147
Oe6_s02989	gi|992007070|gb|KT955714.1|	82.50	1046	163	16	11	1046	290163	291198	0.0	900
Oe6_s02989	gi|381356398|dbj|AP012279.1|	81.69	1103	182	17	5	1097	679065	680157	0.0	900
Oe6_s02989	gi|381356398|dbj|AP012279.1|	74.63	934	223	14	5	931	5437912	5438838	5e-106	399
Oe6_s02989	gi|381356398|dbj|AP012279.1|	100.00	77	0	0	7665	7741	6534375	6534299	9e-29	143
Oe6_s02989	gi|1061224965|gb|CP014168.1|	82.16	1065	170	16	5	1059	1446349	1445295	0.0	896
Oe6_s02989	gi|1061224965|gb|CP014168.1|	79.30	599	108	15	3340	3930	1443133	1443723	1e-107	405
Oe6_s02989	gi|1049194206|gb|CP016440.1|	80.63	1177	212	14	5	1173	1133487	1134655	0.0	896
Oe6_s02989	gi|1049194206|gb|CP016440.1|	78.40	1051	205	21	5	1044	3355004	3356043	0.0	664
Oe6_s02989	gi|1109359792|gb|CP017480.1|	82.21	1051	175	10	4	1048	1378164	1379208	0.0	894
Oe6_s02989	gi|1109359792|gb|CP017480.1|	90.79	76	7	0	7664	7739	2926884	2926959	2e-16	102
Oe6_s02989	gi|1131763626|emb|LT707065.1|	81.84	1074	181	14	5	1071	856466	855400	0.0	891
Oe6_s02989	gi|1131763626|emb|LT707065.1|	78.48	1050	210	15	5	1046	772368	771327	0.0	673
Oe6_s02989	gi|388531416|gb|CP003239.1|	82.30	1051	164	19	5	1044	741061	742100	0.0	891
Oe6_s02989	gi|1134949324|gb|CP013916.1|	80.30	1188	218	15	5	1184	2366699	2365520	0.0	883
Oe6_s02989	gi|1134949324|gb|CP013916.1|	76.73	1070	215	29	5	1059	3746673	3747723	5e-156	566
Oe6_s02989	gi|1127371944|gb|CP014839.1|	81.62	1072	187	7	5	1071	430663	431729	0.0	880
Oe6_s02989	gi|1104452986|gb|CP011568.3|	81.62	1072	187	7	5	1071	811957	813023	0.0	880
Oe6_s02989	gi|113528459|emb|AM260480.1|	81.58	1075	182	15	5	1071	1160062	1158996	0.0	874
Oe6_s02989	gi|1084480436|gb|CP013480.3|	79.98	1209	214	24	8	1202	4756997	4755803	0.0	867
Oe6_s02989	gi|1084480436|gb|CP013480.3|	78.44	1076	211	18	5	1071	1472899	1471836	0.0	682
Oe6_s02989	gi|1036661606|gb|CP015881.1|	80.22	1188	208	21	4	1178	910695	911868	0.0	867
Oe6_s02989	gi|1036661606|gb|CP015881.1|	70.95	1160	274	51	2795	3927	914628	913505	5e-51	217
Oe6_s02989	gi|1190193351|gb|CP021070.1|	79.93	1211	215	23	5	1201	4092314	4093510	0.0	865
