Oe6_s03156	gi|1186411507|gb|CP018409.1|	97.67	43	1	0	2198	2240	2665990	2665948	2e-08	75.0
Oe6_s03156	gi|1186411507|gb|CP018409.1|	97.67	43	1	0	2198	2240	2665999	2665957	2e-08	75.0
Oe6_s03156	gi|1186411507|gb|CP018409.1|	97.67	43	1	0	2198	2240	2666008	2665966	2e-08	75.0
Oe6_s03156	gi|1186411507|gb|CP018409.1|	97.67	43	1	0	2198	2240	2666017	2665975	2e-08	75.0
Oe6_s03156	gi|1186411507|gb|CP018409.1|	97.67	43	1	0	2198	2240	2666026	2665984	2e-08	75.0
Oe6_s03156	gi|1186411507|gb|CP018409.1|	97.67	43	1	0	2198	2240	2666035	2665993	2e-08	75.0
Oe6_s03156	gi|1186411507|gb|CP018409.1|	97.67	43	1	0	2198	2240	2666044	2666002	2e-08	75.0
Oe6_s03156	gi|1186411507|gb|CP018409.1|	97.67	43	1	0	2198	2240	2666053	2666011	2e-08	75.0
Oe6_s03156	gi|1186411507|gb|CP018409.1|	97.67	43	1	0	2198	2240	2666062	2666020	2e-08	75.0
Oe6_s03156	gi|1186411507|gb|CP018409.1|	97.67	43	1	0	2198	2240	2666071	2666029	2e-08	75.0
Oe6_s03156	gi|1186411507|gb|CP018409.1|	93.02	43	3	0	2198	2240	2665981	2665939	4e-05	63.9
Oe6_s03156	gi|1186411507|gb|CP018409.1|	94.87	39	2	0	2202	2240	2666076	2666038	1e-04	62.1
Oe6_s03156	gi|1186404606|gb|CP018407.1|	97.67	43	1	0	2198	2240	3026649	3026607	2e-08	75.0
Oe6_s03156	gi|1186404606|gb|CP018407.1|	97.67	43	1	0	2198	2240	3026658	3026616	2e-08	75.0
Oe6_s03156	gi|1186404606|gb|CP018407.1|	97.67	43	1	0	2198	2240	3026667	3026625	2e-08	75.0
Oe6_s03156	gi|1186404606|gb|CP018407.1|	97.67	43	1	0	2198	2240	3026676	3026634	2e-08	75.0
Oe6_s03156	gi|1186404606|gb|CP018407.1|	97.67	43	1	0	2198	2240	3026685	3026643	2e-08	75.0
Oe6_s03156	gi|1186404606|gb|CP018407.1|	97.67	43	1	0	2198	2240	3026694	3026652	2e-08	75.0
Oe6_s03156	gi|1186404606|gb|CP018407.1|	97.67	43	1	0	2198	2240	3026703	3026661	2e-08	75.0
Oe6_s03156	gi|1186404606|gb|CP018407.1|	97.67	43	1	0	2198	2240	3026712	3026670	2e-08	75.0
Oe6_s03156	gi|1186404606|gb|CP018407.1|	97.67	43	1	0	2198	2240	3026721	3026679	2e-08	75.0
Oe6_s03156	gi|1186404606|gb|CP018407.1|	97.67	43	1	0	2198	2240	3026730	3026688	2e-08	75.0
Oe6_s03156	gi|1186404606|gb|CP018407.1|	93.02	43	3	0	2198	2240	3026640	3026598	4e-05	63.9
Oe6_s03156	gi|1186404606|gb|CP018407.1|	94.87	39	2	0	2202	2240	3026735	3026697	1e-04	62.1
Oe6_s03156	gi|1186391807|gb|CP018404.1|	97.67	43	1	0	2198	2240	512600	512558	2e-08	75.0
Oe6_s03156	gi|1186391807|gb|CP018404.1|	97.67	43	1	0	2198	2240	512609	512567	2e-08	75.0
Oe6_s03156	gi|1186391807|gb|CP018404.1|	97.67	43	1	0	2198	2240	512618	512576	2e-08	75.0
Oe6_s03156	gi|1186391807|gb|CP018404.1|	97.67	43	1	0	2198	2240	512627	512585	2e-08	75.0
Oe6_s03156	gi|1186391807|gb|CP018404.1|	93.02	43	3	0	2198	2240	512591	512549	4e-05	63.9
Oe6_s03156	gi|1186391807|gb|CP018404.1|	94.87	39	2	0	2202	2240	512632	512594	1e-04	62.1
Oe6_s03156	gi|1186384938|gb|CP018402.1|	97.67	43	1	0	2198	2240	1045259	1045301	2e-08	75.0
Oe6_s03156	gi|1186384938|gb|CP018402.1|	97.67	43	1	0	2198	2240	1045268	1045310	2e-08	75.0
Oe6_s03156	gi|1186384938|gb|CP018402.1|	97.67	43	1	0	2198	2240	1045277	1045319	2e-08	75.0
Oe6_s03156	gi|1186384938|gb|CP018402.1|	97.67	43	1	0	2198	2240	1045286	1045328	2e-08	75.0
Oe6_s03156	gi|1186384938|gb|CP018402.1|	93.02	43	3	0	2198	2240	1045295	1045337	4e-05	63.9
Oe6_s03156	gi|1186384938|gb|CP018402.1|	94.87	39	2	0	2202	2240	1045254	1045292	1e-04	62.1
Oe6_s03156	gi|1186382015|gb|CP018401.1|	97.67	43	1	0	2198	2240	1379946	1379904	2e-08	75.0
Oe6_s03156	gi|1186382015|gb|CP018401.1|	97.67	43	1	0	2198	2240	1379955	1379913	2e-08	75.0
Oe6_s03156	gi|1186382015|gb|CP018401.1|	95.35	43	2	0	2198	2240	1379937	1379895	8e-07	69.4
Oe6_s03156	gi|1186382015|gb|CP018401.1|	94.87	39	2	0	2202	2240	1379960	1379922	1e-04	62.1
Oe6_s03156	gi|1186368552|gb|CP018397.1|	97.67	43	1	0	2198	2240	1098838	1098796	2e-08	75.0
Oe6_s03156	gi|1186368552|gb|CP018397.1|	97.67	43	1	0	2198	2240	1098847	1098805	2e-08	75.0
Oe6_s03156	gi|1186368552|gb|CP018397.1|	97.67	43	1	0	2198	2240	1098856	1098814	2e-08	75.0
Oe6_s03156	gi|1186368552|gb|CP018397.1|	97.67	43	1	0	2198	2240	1098865	1098823	2e-08	75.0
Oe6_s03156	gi|1186368552|gb|CP018397.1|	93.02	43	3	0	2198	2240	1098829	1098787	4e-05	63.9
Oe6_s03156	gi|1186368552|gb|CP018397.1|	94.87	39	2	0	2202	2240	1098870	1098832	1e-04	62.1
Oe6_s03156	gi|1186361555|gb|CP018394.1|	97.67	43	1	0	2198	2240	1474790	1474832	2e-08	75.0
Oe6_s03156	gi|1186361555|gb|CP018394.1|	97.67	43	1	0	2198	2240	1474799	1474841	2e-08	75.0
Oe6_s03156	gi|1186361555|gb|CP018394.1|	97.67	43	1	0	2198	2240	1474808	1474850	2e-08	75.0
Oe6_s03156	gi|1186361555|gb|CP018394.1|	97.67	43	1	0	2198	2240	1474817	1474859	2e-08	75.0
Oe6_s03156	gi|1186361555|gb|CP018394.1|	97.67	43	1	0	2198	2240	1474826	1474868	2e-08	75.0
Oe6_s03156	gi|1186361555|gb|CP018394.1|	97.67	43	1	0	2198	2240	1474835	1474877	2e-08	75.0
Oe6_s03156	gi|1186361555|gb|CP018394.1|	97.67	43	1	0	2198	2240	1474844	1474886	2e-08	75.0
Oe6_s03156	gi|1186361555|gb|CP018394.1|	97.67	43	1	0	2198	2240	1474853	1474895	2e-08	75.0
Oe6_s03156	gi|1186361555|gb|CP018394.1|	97.67	43	1	0	2198	2240	1474862	1474904	2e-08	75.0
Oe6_s03156	gi|1186361555|gb|CP018394.1|	97.67	43	1	0	2198	2240	1474871	1474913	2e-08	75.0
Oe6_s03156	gi|1186361555|gb|CP018394.1|	97.67	43	1	0	2198	2240	1474880	1474922	2e-08	75.0
Oe6_s03156	gi|1186361555|gb|CP018394.1|	97.67	43	1	0	2198	2240	1474889	1474931	2e-08	75.0
Oe6_s03156	gi|1186361555|gb|CP018394.1|	93.02	43	3	0	2198	2240	1474898	1474940	4e-05	63.9
Oe6_s03156	gi|1186361555|gb|CP018394.1|	94.87	39	2	0	2202	2240	1474785	1474823	1e-04	62.1
Oe6_s03156	gi|1186354661|gb|CP018392.1|	97.67	43	1	0	2198	2240	333802	333760	2e-08	75.0
Oe6_s03156	gi|1186354661|gb|CP018392.1|	97.67	43	1	0	2198	2240	333811	333769	2e-08	75.0
Oe6_s03156	gi|1186354661|gb|CP018392.1|	97.67	43	1	0	2198	2240	333820	333778	2e-08	75.0
Oe6_s03156	gi|1186354661|gb|CP018392.1|	97.67	43	1	0	2198	2240	333829	333787	2e-08	75.0
Oe6_s03156	gi|1186354661|gb|CP018392.1|	97.67	43	1	0	2198	2240	333838	333796	2e-08	75.0
Oe6_s03156	gi|1186354661|gb|CP018392.1|	97.67	43	1	0	2198	2240	333847	333805	2e-08	75.0
Oe6_s03156	gi|1186354661|gb|CP018392.1|	93.02	43	3	0	2198	2240	333793	333751	4e-05	63.9
Oe6_s03156	gi|1186354661|gb|CP018392.1|	94.87	39	2	0	2202	2240	333852	333814	1e-04	62.1
Oe6_s03156	gi|1186334115|gb|CP018386.1|	97.67	43	1	0	2198	2240	2767909	2767867	2e-08	75.0
Oe6_s03156	gi|1186334115|gb|CP018386.1|	97.67	43	1	0	2198	2240	2767918	2767876	2e-08	75.0
Oe6_s03156	gi|1186334115|gb|CP018386.1|	97.67	43	1	0	2198	2240	2767927	2767885	2e-08	75.0
Oe6_s03156	gi|1186334115|gb|CP018386.1|	97.67	43	1	0	2198	2240	2767936	2767894	2e-08	75.0
Oe6_s03156	gi|1186334115|gb|CP018386.1|	93.02	43	3	0	2198	2240	2767900	2767858	4e-05	63.9
Oe6_s03156	gi|1186334115|gb|CP018386.1|	94.87	39	2	0	2202	2240	2767941	2767903	1e-04	62.1
Oe6_s03156	gi|1186319204|gb|CP018381.1|	97.67	43	1	0	2198	2240	1499255	1499297	2e-08	75.0
Oe6_s03156	gi|1186319204|gb|CP018381.1|	97.67	43	1	0	2198	2240	1499264	1499306	2e-08	75.0
Oe6_s03156	gi|1186319204|gb|CP018381.1|	93.02	43	3	0	2198	2240	1499273	1499315	4e-05	63.9
Oe6_s03156	gi|1186319204|gb|CP018381.1|	94.87	39	2	0	2202	2240	1499250	1499288	1e-04	62.1
Oe6_s03156	gi|1186300952|gb|CP018375.1|	97.67	43	1	0	2198	2240	2372344	2372302	2e-08	75.0
Oe6_s03156	gi|1186300952|gb|CP018375.1|	97.67	43	1	0	2198	2240	2372353	2372311	2e-08	75.0
Oe6_s03156	gi|1186300952|gb|CP018375.1|	97.67	43	1	0	2198	2240	2372362	2372320	2e-08	75.0
Oe6_s03156	gi|1186300952|gb|CP018375.1|	97.67	43	1	0	2198	2240	2372371	2372329	2e-08	75.0
Oe6_s03156	gi|1186300952|gb|CP018375.1|	97.67	43	1	0	2198	2240	2372380	2372338	2e-08	75.0
Oe6_s03156	gi|1186300952|gb|CP018375.1|	97.67	43	1	0	2198	2240	2372389	2372347	2e-08	75.0
Oe6_s03156	gi|1186300952|gb|CP018375.1|	97.67	43	1	0	2198	2240	2372398	2372356	2e-08	75.0
Oe6_s03156	gi|1186300952|gb|CP018375.1|	93.02	43	3	0	2198	2240	2372335	2372293	4e-05	63.9
Oe6_s03156	gi|1186300952|gb|CP018375.1|	94.87	39	2	0	2202	2240	2372403	2372365	1e-04	62.1
Oe6_s03156	gi|1186297939|gb|CP018374.1|	97.67	43	1	0	2198	2240	2058993	2058951	2e-08	75.0
Oe6_s03156	gi|1186297939|gb|CP018374.1|	97.67	43	1	0	2198	2240	2059002	2058960	2e-08	75.0
Oe6_s03156	gi|1186297939|gb|CP018374.1|	97.67	43	1	0	2198	2240	2059011	2058969	2e-08	75.0
Oe6_s03156	gi|1186297939|gb|CP018374.1|	97.67	43	1	0	2198	2240	2059020	2058978	2e-08	75.0
Oe6_s03156	gi|1186297939|gb|CP018374.1|	93.02	43	3	0	2198	2240	2058984	2058942	4e-05	63.9
Oe6_s03156	gi|1186297939|gb|CP018374.1|	94.87	39	2	0	2202	2240	2059025	2058987	1e-04	62.1
Oe6_s03156	gi|1186287244|gb|CP018371.1|	97.67	43	1	0	2198	2240	477878	477920	2e-08	75.0
Oe6_s03156	gi|1186287244|gb|CP018371.1|	97.67	43	1	0	2198	2240	477887	477929	2e-08	75.0
Oe6_s03156	gi|1186287244|gb|CP018371.1|	97.67	43	1	0	2198	2240	477896	477938	2e-08	75.0
Oe6_s03156	gi|1186287244|gb|CP018371.1|	97.67	43	1	0	2198	2240	477905	477947	2e-08	75.0
Oe6_s03156	gi|1186287244|gb|CP018371.1|	97.67	43	1	0	2198	2240	477914	477956	2e-08	75.0
Oe6_s03156	gi|1186287244|gb|CP018371.1|	97.67	43	1	0	2198	2240	477923	477965	2e-08	75.0
Oe6_s03156	gi|1186287244|gb|CP018371.1|	97.67	43	1	0	2198	2240	477932	477974	2e-08	75.0
Oe6_s03156	gi|1186287244|gb|CP018371.1|	97.67	43	1	0	2198	2240	477941	477983	2e-08	75.0
Oe6_s03156	gi|1186287244|gb|CP018371.1|	97.67	43	1	0	2198	2240	477950	477992	2e-08	75.0
Oe6_s03156	gi|1186287244|gb|CP018371.1|	97.67	43	1	0	2198	2240	477959	478001	2e-08	75.0
Oe6_s03156	gi|1186287244|gb|CP018371.1|	97.67	43	1	0	2198	2240	477968	478010	2e-08	75.0
Oe6_s03156	gi|1186287244|gb|CP018371.1|	97.67	43	1	0	2198	2240	477977	478019	2e-08	75.0
Oe6_s03156	gi|1186287244|gb|CP018371.1|	93.02	43	3	0	2198	2240	477986	478028	4e-05	63.9
Oe6_s03156	gi|1186287244|gb|CP018371.1|	94.87	39	2	0	2202	2240	477873	477911	1e-04	62.1
Oe6_s03156	gi|1186284301|gb|CP018370.1|	97.67	43	1	0	2198	2240	582676	582634	2e-08	75.0
Oe6_s03156	gi|1186284301|gb|CP018370.1|	93.02	43	3	0	2198	2240	582667	582625	4e-05	63.9
Oe6_s03156	gi|1186284301|gb|CP018370.1|	94.87	39	2	0	2202	2240	582681	582643	1e-04	62.1
Oe6_s03156	gi|1186273613|gb|CP018367.1|	97.67	43	1	0	2198	2240	1419165	1419123	2e-08	75.0
Oe6_s03156	gi|1186273613|gb|CP018367.1|	97.67	43	1	0	2198	2240	1419174	1419132	2e-08	75.0
Oe6_s03156	gi|1186273613|gb|CP018367.1|	97.67	43	1	0	2198	2240	1419183	1419141	2e-08	75.0
Oe6_s03156	gi|1186273613|gb|CP018367.1|	97.67	43	1	0	2198	2240	1419192	1419150	2e-08	75.0
Oe6_s03156	gi|1186273613|gb|CP018367.1|	93.02	43	3	0	2198	2240	1419156	1419114	4e-05	63.9
Oe6_s03156	gi|1186273613|gb|CP018367.1|	94.87	39	2	0	2202	2240	1419197	1419159	1e-04	62.1
Oe6_s03156	gi|1186270958|gb|CP018417.1|	97.67	43	1	0	2198	2240	1130123	1130165	2e-08	75.0
Oe6_s03156	gi|1186270958|gb|CP018417.1|	97.67	43	1	0	2198	2240	1130132	1130174	2e-08	75.0
Oe6_s03156	gi|1186270958|gb|CP018417.1|	93.02	43	3	0	2198	2240	1130141	1130183	4e-05	63.9
Oe6_s03156	gi|1186270958|gb|CP018417.1|	94.87	39	2	0	2202	2240	1130118	1130156	1e-04	62.1
Oe6_s03156	gi|1137393677|gb|CP017049.1|	97.67	43	1	0	2198	2240	2146122	2146080	2e-08	75.0
Oe6_s03156	gi|1137393677|gb|CP017049.1|	97.67	43	1	0	2198	2240	2146131	2146089	2e-08	75.0
Oe6_s03156	gi|1137393677|gb|CP017049.1|	97.67	43	1	0	2198	2240	2146140	2146098	2e-08	75.0
Oe6_s03156	gi|1137393677|gb|CP017049.1|	97.67	43	1	0	2198	2240	2146149	2146107	2e-08	75.0
Oe6_s03156	gi|1137393677|gb|CP017049.1|	97.67	43	1	0	2198	2240	2146158	2146116	2e-08	75.0
Oe6_s03156	gi|1137393677|gb|CP017049.1|	97.67	43	1	0	2198	2240	2146167	2146125	2e-08	75.0
Oe6_s03156	gi|1137393677|gb|CP017049.1|	95.35	43	2	0	2198	2240	2146113	2146071	8e-07	69.4
Oe6_s03156	gi|1137393677|gb|CP017049.1|	94.87	39	2	0	2202	2240	2146172	2146134	1e-04	62.1
Oe6_s03156	gi|1137384424|gb|CP017047.1|	97.67	43	1	0	2198	2240	2146180	2146138	2e-08	75.0
Oe6_s03156	gi|1137384424|gb|CP017047.1|	97.67	43	1	0	2198	2240	2146189	2146147	2e-08	75.0
Oe6_s03156	gi|1137384424|gb|CP017047.1|	97.67	43	1	0	2198	2240	2146198	2146156	2e-08	75.0
Oe6_s03156	gi|1137384424|gb|CP017047.1|	97.67	43	1	0	2198	2240	2146207	2146165	2e-08	75.0
Oe6_s03156	gi|1137384424|gb|CP017047.1|	97.67	43	1	0	2198	2240	2146216	2146174	2e-08	75.0
Oe6_s03156	gi|1137384424|gb|CP017047.1|	97.67	43	1	0	2198	2240	2146225	2146183	2e-08	75.0
Oe6_s03156	gi|1137384424|gb|CP017047.1|	95.35	43	2	0	2198	2240	2146171	2146129	8e-07	69.4
Oe6_s03156	gi|1137384424|gb|CP017047.1|	94.87	39	2	0	2202	2240	2146230	2146192	1e-04	62.1
Oe6_s03156	gi|1137373949|gb|CP017045.1|	97.67	43	1	0	2198	2240	2176193	2176151	2e-08	75.0
Oe6_s03156	gi|1137373949|gb|CP017045.1|	97.67	43	1	0	2198	2240	2176202	2176160	2e-08	75.0
Oe6_s03156	gi|1137373949|gb|CP017045.1|	97.67	43	1	0	2198	2240	2176211	2176169	2e-08	75.0
Oe6_s03156	gi|1137373949|gb|CP017045.1|	97.67	43	1	0	2198	2240	2176220	2176178	2e-08	75.0
Oe6_s03156	gi|1137373949|gb|CP017045.1|	95.35	43	2	0	2198	2240	2176184	2176142	8e-07	69.4
Oe6_s03156	gi|1137373949|gb|CP017045.1|	94.87	39	2	0	2202	2240	2176225	2176187	1e-04	62.1
Oe6_s03156	gi|1109357258|gb|CP016912.1|	97.67	43	1	0	2198	2240	338563	338521	2e-08	75.0
Oe6_s03156	gi|1109357258|gb|CP016912.1|	95.35	43	2	0	2198	2240	338554	338512	8e-07	69.4
Oe6_s03156	gi|1109357258|gb|CP016912.1|	94.87	39	2	0	2202	2240	338568	338530	1e-04	62.1
Oe6_s03156	gi|1109351210|gb|CP016910.1|	97.67	43	1	0	2198	2240	338567	338525	2e-08	75.0
Oe6_s03156	gi|1109351210|gb|CP016910.1|	95.35	43	2	0	2198	2240	338558	338516	8e-07	69.4
Oe6_s03156	gi|1109351210|gb|CP016910.1|	94.87	39	2	0	2202	2240	338572	338534	1e-04	62.1
Oe6_s03156	gi|1104538038|gb|CP018055.1|	97.67	43	1	0	2198	2240	1934668	1934710	2e-08	75.0
Oe6_s03156	gi|1104538038|gb|CP018055.1|	97.67	43	1	0	2198	2240	1934677	1934719	2e-08	75.0
Oe6_s03156	gi|1104538038|gb|CP018055.1|	93.02	43	3	0	2198	2240	1934686	1934728	4e-05	63.9
Oe6_s03156	gi|1104538038|gb|CP018055.1|	94.87	39	2	0	2202	2240	1934663	1934701	1e-04	62.1
Oe6_s03156	gi|1047826438|gb|CP016637.1|	97.67	43	1	0	2198	2240	428153	428195	2e-08	75.0
Oe6_s03156	gi|1047826438|gb|CP016637.1|	97.67	43	1	0	2198	2240	428162	428204	2e-08	75.0
Oe6_s03156	gi|1047826438|gb|CP016637.1|	97.67	43	1	0	2198	2240	428171	428213	2e-08	75.0
Oe6_s03156	gi|1047826438|gb|CP016637.1|	95.35	43	2	0	2198	2240	428180	428222	8e-07	69.4
Oe6_s03156	gi|1047826438|gb|CP016637.1|	94.87	39	2	0	2202	2240	428148	428186	1e-04	62.1
Oe6_s03156	gi|1047820450|gb|CP016639.1|	97.67	43	1	0	2198	2240	428561	428603	2e-08	75.0
Oe6_s03156	gi|1047820450|gb|CP016639.1|	97.67	43	1	0	2198	2240	428570	428612	2e-08	75.0
Oe6_s03156	gi|1047820450|gb|CP016639.1|	97.67	43	1	0	2198	2240	428579	428621	2e-08	75.0
Oe6_s03156	gi|1047820450|gb|CP016639.1|	95.35	43	2	0	2198	2240	428588	428630	8e-07	69.4
Oe6_s03156	gi|1047820450|gb|CP016639.1|	94.87	39	2	0	2202	2240	428556	428594	1e-04	62.1
Oe6_s03156	gi|939211797|gb|CP012042.1|	97.67	43	1	0	2198	2240	2047675	2047633	2e-08	75.0
Oe6_s03156	gi|939211797|gb|CP012042.1|	97.67	43	1	0	2198	2240	2047684	2047642	2e-08	75.0
Oe6_s03156	gi|939211797|gb|CP012042.1|	93.02	43	3	0	2198	2240	2047666	2047624	4e-05	63.9
Oe6_s03156	gi|939211797|gb|CP012042.1|	94.87	39	2	0	2202	2240	2047689	2047651	1e-04	62.1
Oe6_s03156	gi|924575799|gb|CP012577.1|	97.67	43	1	0	2198	2240	480777	480819	2e-08	75.0
Oe6_s03156	gi|924575799|gb|CP012577.1|	97.67	43	1	0	2198	2240	480786	480828	2e-08	75.0
Oe6_s03156	gi|924575799|gb|CP012577.1|	97.67	43	1	0	2198	2240	480795	480837	2e-08	75.0
Oe6_s03156	gi|924575799|gb|CP012577.1|	97.67	43	1	0	2198	2240	480804	480846	2e-08	75.0
Oe6_s03156	gi|924575799|gb|CP012577.1|	97.67	43	1	0	2198	2240	480813	480855	2e-08	75.0
Oe6_s03156	gi|924575799|gb|CP012577.1|	97.67	43	1	0	2198	2240	480822	480864	2e-08	75.0
Oe6_s03156	gi|924575799|gb|CP012577.1|	97.67	43	1	0	2198	2240	480831	480873	2e-08	75.0
Oe6_s03156	gi|924575799|gb|CP012577.1|	95.35	43	2	0	2198	2240	480840	480882	8e-07	69.4
Oe6_s03156	gi|924575799|gb|CP012577.1|	94.87	39	2	0	2202	2240	480772	480810	1e-04	62.1
Oe6_s03156	gi|772956418|gb|CP009537.1|	97.67	43	1	0	2198	2240	2125604	2125562	2e-08	75.0
Oe6_s03156	gi|772956418|gb|CP009537.1|	97.67	43	1	0	2198	2240	2125613	2125571	2e-08	75.0
Oe6_s03156	gi|772956418|gb|CP009537.1|	95.35	43	2	0	2198	2240	2125595	2125553	8e-07	69.4
Oe6_s03156	gi|772956418|gb|CP009537.1|	94.87	39	2	0	2202	2240	2125618	2125580	1e-04	62.1
Oe6_s03156	gi|772953754|gb|CP009546.1|	97.67	43	1	0	2198	2240	1713962	1713920	2e-08	75.0
Oe6_s03156	gi|772953754|gb|CP009546.1|	97.67	43	1	0	2198	2240	1713971	1713929	2e-08	75.0
Oe6_s03156	gi|772953754|gb|CP009546.1|	97.67	43	1	0	2198	2240	1713980	1713938	2e-08	75.0
Oe6_s03156	gi|772953754|gb|CP009546.1|	95.35	43	2	0	2198	2240	1713953	1713911	8e-07	69.4
Oe6_s03156	gi|772953754|gb|CP009546.1|	94.87	39	2	0	2202	2240	1713985	1713947	1e-04	62.1
Oe6_s03156	gi|772947081|gb|CP009536.1|	97.67	43	1	0	2198	2240	1230279	1230237	2e-08	75.0
Oe6_s03156	gi|772947081|gb|CP009536.1|	97.67	43	1	0	2198	2240	1230288	1230246	2e-08	75.0
Oe6_s03156	gi|772947081|gb|CP009536.1|	97.67	43	1	0	2198	2240	1230297	1230255	2e-08	75.0
Oe6_s03156	gi|772947081|gb|CP009536.1|	97.67	43	1	0	2198	2240	1230306	1230264	2e-08	75.0
Oe6_s03156	gi|772947081|gb|CP009536.1|	93.02	43	3	0	2198	2240	1230270	1230228	4e-05	63.9
Oe6_s03156	gi|772947081|gb|CP009536.1|	94.87	39	2	0	2202	2240	1230311	1230273	1e-04	62.1
Oe6_s03156	gi|772935273|gb|CP009477.1|	97.67	43	1	0	2198	2240	535328	535286	2e-08	75.0
Oe6_s03156	gi|772935273|gb|CP009477.1|	97.67	43	1	0	2198	2240	535337	535295	2e-08	75.0
Oe6_s03156	gi|772935273|gb|CP009477.1|	94.87	39	2	0	2202	2240	535342	535304	1e-04	62.1
Oe6_s03156	gi|772935273|gb|CP009477.1|	100.00	29	0	0	2198	2226	535319	535291	0.023	54.7
Oe6_s03156	gi|772913900|gb|CP009473.1|	97.67	43	1	0	2198	2240	1442006	1441964	2e-08	75.0
Oe6_s03156	gi|772913900|gb|CP009473.1|	97.67	43	1	0	2198	2240	1442015	1441973	2e-08	75.0
Oe6_s03156	gi|772913900|gb|CP009473.1|	97.67	43	1	0	2198	2240	1442024	1441982	2e-08	75.0
Oe6_s03156	gi|772913900|gb|CP009473.1|	97.67	43	1	0	2198	2240	1442033	1441991	2e-08	75.0
Oe6_s03156	gi|772913900|gb|CP009473.1|	93.02	43	3	0	2198	2240	1441997	1441955	4e-05	63.9
Oe6_s03156	gi|772913900|gb|CP009473.1|	94.87	39	2	0	2202	2240	1442038	1442000	1e-04	62.1
Oe6_s03156	gi|772890639|gb|CP004380.1|	97.67	43	1	0	2198	2240	2616635	2616677	2e-08	75.0
Oe6_s03156	gi|772890639|gb|CP004380.1|	94.87	39	2	0	2202	2240	2616630	2616668	1e-04	62.1
Oe6_s03156	gi|772890639|gb|CP004380.1|	90.70	43	4	0	2198	2240	2616644	2616686	0.002	58.4
Oe6_s03156	gi|701281876|gb|CP009160.1|	97.67	43	1	0	2198	2240	337470	337512	2e-08	75.0
Oe6_s03156	gi|701281876|gb|CP009160.1|	97.67	43	1	0	2198	2240	337479	337521	2e-08	75.0
Oe6_s03156	gi|701281876|gb|CP009160.1|	95.35	43	2	0	2198	2240	337488	337530	8e-07	69.4
Oe6_s03156	gi|701281876|gb|CP009160.1|	94.87	39	2	0	2202	2240	337465	337503	1e-04	62.1
Oe6_s03156	gi|701279297|gb|CP009163.1|	97.67	43	1	0	2198	2240	1138390	1138432	2e-08	75.0
Oe6_s03156	gi|701279297|gb|CP009163.1|	93.02	43	3	0	2198	2240	1138399	1138441	4e-05	63.9
Oe6_s03156	gi|701279297|gb|CP009163.1|	94.87	39	2	0	2202	2240	1138385	1138423	1e-04	62.1
Oe6_s03156	gi|695187062|gb|CP004378.1|	97.67	43	1	0	2198	2240	3132007	3132049	2e-08	75.0
Oe6_s03156	gi|695187062|gb|CP004378.1|	97.67	43	1	0	2198	2240	3132016	3132058	2e-08	75.0
Oe6_s03156	gi|695187062|gb|CP004378.1|	97.67	43	1	0	2198	2240	3132025	3132067	2e-08	75.0
Oe6_s03156	gi|695187062|gb|CP004378.1|	97.67	43	1	0	2198	2240	3132034	3132076	2e-08	75.0
Oe6_s03156	gi|695187062|gb|CP004378.1|	97.44	39	1	0	2202	2240	3132002	3132040	3e-06	67.6
Oe6_s03156	gi|695187062|gb|CP004378.1|	93.02	43	3	0	2198	2240	3132043	3132085	4e-05	63.9
Oe6_s03156	gi|685760464|gb|CP008910.1|	97.67	43	1	0	2198	2240	1528244	1528286	2e-08	75.0
Oe6_s03156	gi|685760464|gb|CP008910.1|	95.35	43	2	0	2198	2240	1528253	1528295	8e-07	69.4
Oe6_s03156	gi|685760464|gb|CP008910.1|	94.87	39	2	0	2202	2240	1528239	1528277	1e-04	62.1
Oe6_s03156	gi|685736615|gb|CP008783.1|	97.67	43	1	0	2198	2240	1307925	1307883	2e-08	75.0
Oe6_s03156	gi|685736615|gb|CP008783.1|	95.35	43	2	0	2198	2240	1307916	1307874	8e-07	69.4
Oe6_s03156	gi|685736615|gb|CP008783.1|	94.87	39	2	0	2202	2240	1307930	1307892	1e-04	62.1
Oe6_s03156	gi|685734194|gb|CP008835.1|	97.67	43	1	0	2198	2240	2332895	2332853	2e-08	75.0
Oe6_s03156	gi|685734194|gb|CP008835.1|	94.87	39	2	0	2202	2240	2332900	2332862	1e-04	62.1
Oe6_s03156	gi|685734194|gb|CP008835.1|	90.70	43	4	0	2198	2240	2332886	2332844	0.002	58.4
Oe6_s03156	gi|575437442|gb|CP004043.1|	97.67	43	1	0	2198	2240	124488	124446	2e-08	75.0
Oe6_s03156	gi|575437442|gb|CP004043.1|	97.67	43	1	0	2198	2240	124497	124455	2e-08	75.0
Oe6_s03156	gi|575437442|gb|CP004043.1|	97.67	43	1	0	2198	2240	124506	124464	2e-08	75.0
Oe6_s03156	gi|575437442|gb|CP004043.1|	97.67	43	1	0	2198	2240	124515	124473	2e-08	75.0
Oe6_s03156	gi|575437442|gb|CP004043.1|	97.67	43	1	0	2198	2240	124524	124482	2e-08	75.0
Oe6_s03156	gi|575437442|gb|CP004043.1|	97.67	43	1	0	2198	2240	124533	124491	2e-08	75.0
Oe6_s03156	gi|575437442|gb|CP004043.1|	95.35	43	2	0	2198	2240	124479	124437	8e-07	69.4
Oe6_s03156	gi|575437442|gb|CP004043.1|	94.87	39	2	0	2202	2240	124538	124500	1e-04	62.1
Oe6_s03156	gi|574604118|gb|CP004024.1|	97.67	43	1	0	2198	2240	3111300	3111342	2e-08	75.0
Oe6_s03156	gi|574604118|gb|CP004024.1|	97.67	43	1	0	2198	2240	3111309	3111351	2e-08	75.0
Oe6_s03156	gi|574604118|gb|CP004024.1|	97.67	43	1	0	2198	2240	3111318	3111360	2e-08	75.0
Oe6_s03156	gi|574604118|gb|CP004024.1|	97.67	43	1	0	2198	2240	3111327	3111369	2e-08	75.0
Oe6_s03156	gi|574604118|gb|CP004024.1|	95.35	43	2	0	2198	2240	3111336	3111378	8e-07	69.4
Oe6_s03156	gi|574604118|gb|CP004024.1|	94.87	39	2	0	2202	2240	3111295	3111333	1e-04	62.1
Oe6_s03156	gi|568798707|gb|CP004002.1|	97.67	43	1	0	2198	2240	488231	488189	2e-08	75.0
Oe6_s03156	gi|568798707|gb|CP004002.1|	97.67	43	1	0	2198	2240	488240	488198	2e-08	75.0
Oe6_s03156	gi|568798707|gb|CP004002.1|	97.67	43	1	0	2198	2240	488249	488207	2e-08	75.0
Oe6_s03156	gi|568798707|gb|CP004002.1|	97.67	43	1	0	2198	2240	488258	488216	2e-08	75.0
Oe6_s03156	gi|568798707|gb|CP004002.1|	97.67	43	1	0	2198	2240	488267	488225	2e-08	75.0
Oe6_s03156	gi|568798707|gb|CP004002.1|	95.35	43	2	0	2198	2240	488222	488180	8e-07	69.4
Oe6_s03156	gi|568798707|gb|CP004002.1|	94.87	39	2	0	2202	2240	488272	488234	1e-04	62.1
Oe6_s03156	gi|568792780|gb|CP004004.1|	97.67	43	1	0	2198	2240	3054861	3054903	2e-08	75.0
Oe6_s03156	gi|568792780|gb|CP004004.1|	97.67	43	1	0	2198	2240	3054870	3054912	2e-08	75.0
Oe6_s03156	gi|568792780|gb|CP004004.1|	97.67	43	1	0	2198	2240	3054879	3054921	2e-08	75.0
Oe6_s03156	gi|568792780|gb|CP004004.1|	95.35	43	2	0	2198	2240	3054888	3054930	8e-07	69.4
Oe6_s03156	gi|568792780|gb|CP004004.1|	94.87	39	2	0	2202	2240	3054856	3054894	1e-04	62.1
Oe6_s03156	gi|556045773|gb|CP003977.1|	97.67	43	1	0	2198	2240	2386412	2386370	2e-08	75.0
Oe6_s03156	gi|556045773|gb|CP003977.1|	97.67	43	1	0	2198	2240	2386475	2386433	2e-08	75.0
Oe6_s03156	gi|556045773|gb|CP003977.1|	97.67	43	1	0	2198	2240	2386484	2386442	2e-08	75.0
Oe6_s03156	gi|556045773|gb|CP003977.1|	97.67	43	1	0	2198	2240	2386493	2386451	2e-08	75.0
Oe6_s03156	gi|556045773|gb|CP003977.1|	97.67	43	1	0	2198	2240	2386502	2386460	2e-08	75.0
Oe6_s03156	gi|556045773|gb|CP003977.1|	95.35	43	2	0	2198	2240	2386403	2386361	8e-07	69.4
Oe6_s03156	gi|556045773|gb|CP003977.1|	95.35	43	2	0	2198	2240	2386421	2386379	8e-07	69.4
Oe6_s03156	gi|556045773|gb|CP003977.1|	95.35	43	2	0	2198	2240	2386466	2386424	8e-07	69.4
Oe6_s03156	gi|556045773|gb|CP003977.1|	94.87	39	2	0	2202	2240	2386507	2386469	1e-04	62.1
Oe6_s03156	gi|385660863|gb|CP002834.1|	97.67	43	1	0	2198	2240	328273	328231	2e-08	75.0
Oe6_s03156	gi|385660863|gb|CP002834.1|	94.87	39	2	0	2202	2240	328278	328240	1e-04	62.1
Oe6_s03156	gi|385660863|gb|CP002834.1|	90.70	43	4	0	2198	2240	328264	328222	0.002	58.4
Oe6_s03156	gi|126221798|gb|CP000571.1|	97.67	43	1	0	2198	2240	401427	401385	2e-08	75.0
Oe6_s03156	gi|126221798|gb|CP000571.1|	97.67	43	1	0	2198	2240	401436	401394	2e-08	75.0
Oe6_s03156	gi|126221798|gb|CP000571.1|	97.67	43	1	0	2198	2240	401445	401403	2e-08	75.0
Oe6_s03156	gi|126221798|gb|CP000571.1|	95.35	43	2	0	2198	2240	401418	401376	8e-07	69.4
Oe6_s03156	gi|126221798|gb|CP000571.1|	94.87	39	2	0	2202	2240	401450	401412	1e-04	62.1
Oe6_s03156	gi|52211453|emb|BX571966.1|	97.67	43	1	0	2198	2240	328647	328605	2e-08	75.0
Oe6_s03156	gi|52211453|emb|BX571966.1|	97.67	43	1	0	2198	2240	328656	328614	2e-08	75.0
Oe6_s03156	gi|52211453|emb|BX571966.1|	95.35	43	2	0	2198	2240	328638	328596	8e-07	69.4
Oe6_s03156	gi|52211453|emb|BX571966.1|	94.87	39	2	0	2202	2240	328661	328623	1e-04	62.1
Oe6_s03156	gi|74055513|gb|CP000116.1|	97.62	42	1	0	2198	2239	2339909	2339950	6e-08	73.1
Oe6_s03156	gi|74055513|gb|CP000116.1|	100.00	33	0	0	2198	2230	2339918	2339950	1e-04	62.1
Oe6_s03156	gi|74055513|gb|CP000116.1|	97.06	34	1	0	2207	2240	2339909	2339942	0.002	58.4
Oe6_s03156	gi|913610804|gb|CP012333.1|	100.00	36	0	0	2200	2235	1215234	1215269	3e-06	67.6
Oe6_s03156	gi|913610804|gb|CP012333.1|	92.86	42	2	1	2198	2238	1215241	1215282	5e-04	60.2
Oe6_s03156	gi|773034055|gb|CP009898.1|	97.44	39	1	0	2202	2240	279750	279712	3e-06	67.6
Oe6_s03156	gi|773034055|gb|CP009898.1|	93.02	43	3	0	2198	2240	279745	279703	4e-05	63.9
Oe6_s03156	gi|1186418355|gb|CP018411.1|	93.02	43	3	0	2198	2240	277039	277081	4e-05	63.9
Oe6_s03156	gi|1186418355|gb|CP018411.1|	94.87	39	2	0	2202	2240	277034	277072	1e-04	62.1
Oe6_s03156	gi|1186347681|gb|CP018390.1|	93.02	43	3	0	2198	2240	382681	382639	4e-05	63.9
Oe6_s03156	gi|1186347681|gb|CP018390.1|	94.87	39	2	0	2202	2240	382686	382648	1e-04	62.1
Oe6_s03156	gi|1137406082|gb|CP017053.1|	93.02	43	3	0	2198	2240	2292891	2292849	4e-05	63.9
Oe6_s03156	gi|1137406082|gb|CP017053.1|	94.87	39	2	0	2202	2240	2292896	2292858	1e-04	62.1
Oe6_s03156	gi|1137399882|gb|CP017051.1|	93.02	43	3	0	2198	2240	2292944	2292902	4e-05	63.9
Oe6_s03156	gi|1137399882|gb|CP017051.1|	94.87	39	2	0	2202	2240	2292949	2292911	1e-04	62.1
Oe6_s03156	gi|685800451|gb|CP009210.1|	93.02	43	3	0	2198	2240	1306544	1306502	4e-05	63.9
Oe6_s03156	gi|685800451|gb|CP009210.1|	94.87	39	2	0	2202	2240	1306549	1306511	1e-04	62.1
Oe6_s03156	gi|589303173|gb|CP004369.1|	93.02	43	3	0	2198	2240	2199036	2198994	4e-05	63.9
Oe6_s03156	gi|589303173|gb|CP004369.1|	94.87	39	2	0	2202	2240	2199041	2199003	1e-04	62.1
Oe6_s03156	gi|526265132|gb|CP006469.1|	93.02	43	3	0	2198	2240	3285464	3285422	4e-05	63.9
Oe6_s03156	gi|526265132|gb|CP006469.1|	94.87	39	2	0	2202	2240	3285469	3285431	1e-04	62.1
Oe6_s03156	gi|664818443|gb|KF582790.1|	100.00	31	0	0	2871	2901	28135	28165	0.002	58.4
Oe6_s03156	gi|343426690|emb|FQ311441.1|	92.68	41	1	2	2194	2233	731621	731582	0.002	58.4
Oe6_s03156	gi|343425587|emb|FQ311435.1|	94.74	38	0	1	2863	2900	515291	515256	0.002	58.4
Oe6_s03156	gi|1186276543|gb|CP018368.1|	96.97	33	1	0	2872	2904	2911771	2911739	0.006	56.5
Oe6_s03156	gi|1186276543|gb|CP018368.1|	100.00	28	0	0	2872	2899	2911777	2911750	0.081	52.8
Oe6_s03156	gi|1078652955|gb|CP017553.1|	96.97	33	1	0	2872	2904	1719212	1719180	0.006	56.5
Oe6_s03156	gi|1035482335|gb|CP015866.1|	100.00	30	0	0	2873	2902	6024788	6024817	0.006	56.5
Oe6_s03156	gi|939208275|gb|CP012041.1|	96.97	33	1	0	2872	2904	1267957	1267989	0.006	56.5
Oe6_s03156	gi|939208275|gb|CP012041.1|	100.00	28	0	0	2872	2899	1267939	1267966	0.081	52.8
Oe6_s03156	gi|939208275|gb|CP012041.1|	100.00	28	0	0	2872	2899	1267945	1267972	0.081	52.8
Oe6_s03156	gi|939208275|gb|CP012041.1|	100.00	28	0	0	2872	2899	1267951	1267978	0.081	52.8
Oe6_s03156	gi|924572012|gb|CP012576.1|	96.97	33	1	0	2872	2904	1877869	1877837	0.006	56.5
Oe6_s03156	gi|924572012|gb|CP012576.1|	100.00	28	0	0	2872	2899	1877875	1877848	0.081	52.8
Oe6_s03156	gi|769541980|gb|CP010973.1|	96.97	33	1	0	2872	2904	2550914	2550946	0.006	56.5
Oe6_s03156	gi|769541980|gb|CP010973.1|	100.00	28	0	0	2872	2899	2550896	2550923	0.081	52.8
Oe6_s03156	gi|769541980|gb|CP010973.1|	100.00	28	0	0	2872	2899	2550902	2550929	0.081	52.8
Oe6_s03156	gi|769541980|gb|CP010973.1|	100.00	28	0	0	2872	2899	2550908	2550935	0.081	52.8
Oe6_s03156	gi|701254064|gb|CP009153.1|	96.97	33	1	0	2872	2904	1285933	1285965	0.006	56.5
Oe6_s03156	gi|592971020|emb|HG934059.1|	96.97	33	1	0	2872	2904	1683941	1683909	0.006	56.5
Oe6_s03156	gi|49645467|emb|CR382127.1|	96.97	33	1	0	2872	2904	1765249	1765217	0.006	56.5
Oe6_s03156	gi|1150164349|ref|XM_020369229.1|	94.44	36	1	1	2865	2899	18	53	0.023	54.7
Oe6_s03156	gi|1147815197|ref|XM_020261491.1|	100.00	29	0	0	2871	2899	288	316	0.023	54.7
Oe6_s03156	gi|1061711265|gb|CP013435.1|	100.00	29	0	0	2871	2899	914554	914526	0.023	54.7
Oe6_s03156	gi|1061711265|gb|CP013435.1|	100.00	28	0	0	2872	2899	914493	914466	0.081	52.8
Oe6_s03156	gi|1061711265|gb|CP013435.1|	100.00	28	0	0	2872	2899	914499	914472	0.081	52.8
Oe6_s03156	gi|1061711265|gb|CP013435.1|	100.00	28	0	0	2872	2899	914505	914478	0.081	52.8
Oe6_s03156	gi|1061711265|gb|CP013435.1|	100.00	28	0	0	2872	2899	914511	914484	0.081	52.8
Oe6_s03156	gi|1061711265|gb|CP013435.1|	100.00	28	0	0	2872	2899	914517	914490	0.081	52.8
Oe6_s03156	gi|1061711265|gb|CP013435.1|	100.00	28	0	0	2872	2899	914523	914496	0.081	52.8
Oe6_s03156	gi|1061711265|gb|CP013435.1|	100.00	28	0	0	2872	2899	914529	914502	0.081	52.8
Oe6_s03156	gi|1061711265|gb|CP013435.1|	100.00	28	0	0	2872	2899	914535	914508	0.081	52.8
Oe6_s03156	gi|1061711265|gb|CP013435.1|	100.00	28	0	0	2872	2899	914541	914514	0.081	52.8
Oe6_s03156	gi|1061711265|gb|CP013435.1|	100.00	28	0	0	2872	2899	914547	914520	0.081	52.8
Oe6_s03156	gi|1061585218|gb|CP013389.1|	100.00	29	0	0	2872	2900	3886196	3886224	0.023	54.7
Oe6_s03156	gi|1061585218|gb|CP013389.1|	100.00	28	0	0	2872	2899	1055975	1055948	0.081	52.8
Oe6_s03156	gi|1061585218|gb|CP013389.1|	100.00	28	0	0	2872	2899	1055981	1055954	0.081	52.8
Oe6_s03156	gi|1061585218|gb|CP013389.1|	100.00	28	0	0	2872	2899	1055987	1055960	0.081	52.8
Oe6_s03156	gi|1061585218|gb|CP013389.1|	100.00	28	0	0	2872	2899	1055993	1055966	0.081	52.8
Oe6_s03156	gi|1061585218|gb|CP013389.1|	100.00	28	0	0	2872	2899	3886160	3886187	0.081	52.8
Oe6_s03156	gi|1061585218|gb|CP013389.1|	100.00	28	0	0	2872	2899	3886166	3886193	0.081	52.8
Oe6_s03156	gi|1061585218|gb|CP013389.1|	100.00	28	0	0	2872	2899	3886172	3886199	0.081	52.8
Oe6_s03156	gi|1061585218|gb|CP013389.1|	100.00	28	0	0	2872	2899	3886178	3886205	0.081	52.8
Oe6_s03156	gi|1061585218|gb|CP013389.1|	100.00	28	0	0	2872	2899	3886184	3886211	0.081	52.8
Oe6_s03156	gi|1061585218|gb|CP013389.1|	100.00	28	0	0	2872	2899	3886190	3886217	0.081	52.8
Oe6_s03156	gi|1026309907|gb|CP014501.1|	100.00	29	0	0	6	34	1500741	1500713	0.023	54.7
Oe6_s03156	gi|1021441185|gb|CP011257.1|	100.00	29	0	0	2872	2900	515301	515329	0.023	54.7
Oe6_s03156	gi|1021441185|gb|CP011257.1|	100.00	28	0	0	2872	2899	515295	515322	0.081	52.8
Oe6_s03156	gi|924557822|gb|CP012525.1|	100.00	29	0	0	2872	2900	14580645	14580673	0.023	54.7
Oe6_s03156	gi|924557822|gb|CP012525.1|	100.00	29	0	0	2872	2900	14652989	14653017	0.023	54.7
Oe6_s03156	gi|695537373|ref|XM_009543943.1|	100.00	29	0	0	2871	2899	2826	2854	0.023	54.7
Oe6_s03156	gi|690130309|emb|LM731983.1|	100.00	29	0	0	3	31	2169	2141	0.023	54.7
Oe6_s03156	gi|597968448|ref|XM_007360115.1|	100.00	29	0	0	2871	2899	2172	2200	0.023	54.7
Oe6_s03156	gi|597968448|ref|XM_007360115.1|	100.00	28	0	0	2872	2899	2179	2206	0.081	52.8
Oe6_s03156	gi|343424713|emb|FQ311431.1|	100.00	29	0	0	2871	2899	255080	255108	0.023	54.7
Oe6_s03156	gi|322504906|emb|FR798996.1|	96.97	33	0	1	2873	2904	563144	563112	0.023	54.7
Oe6_s03156	gi|303272668|ref|XM_003055650.1|	100.00	29	0	0	2872	2900	3007	3035	0.023	54.7
Oe6_s03156	gi|240863652|gb|CP001644.1|	100.00	29	0	0	2872	2900	1978436	1978464	0.023	54.7
Oe6_s03156	gi|240863652|gb|CP001644.1|	100.00	28	0	0	2872	2899	1978424	1978451	0.081	52.8
Oe6_s03156	gi|240863652|gb|CP001644.1|	100.00	28	0	0	2872	2899	1978430	1978457	0.081	52.8
Oe6_s03156	gi|171994659|gb|CP001026.1|	100.00	29	0	0	2871	2899	1899196	1899168	0.023	54.7
Oe6_s03156	gi|1247224478|gb|CP023518.1|	100.00	28	0	0	2872	2899	2672412	2672385	0.081	52.8
Oe6_s03156	gi|1245744347|gb|CP009737.1|	100.00	28	0	0	2872	2899	1366337	1366310	0.081	52.8
Oe6_s03156	gi|1245739451|gb|CP009735.1|	100.00	28	0	0	2872	2899	1366288	1366261	0.081	52.8
Oe6_s03156	gi|1241526912|gb|CP023284.1|	100.00	28	0	0	2872	2899	661537	661564	0.081	52.8
Oe6_s03156	gi|1241526912|gb|CP023284.1|	100.00	28	0	0	2872	2899	661543	661570	0.081	52.8
Oe6_s03156	gi|1241526912|gb|CP023284.1|	100.00	28	0	0	2872	2899	661549	661576	0.081	52.8
Oe6_s03156	gi|1241526912|gb|CP023284.1|	100.00	28	0	0	2872	2899	661555	661582	0.081	52.8
Oe6_s03156	gi|1241526912|gb|CP023284.1|	100.00	28	0	0	2872	2899	661561	661588	0.081	52.8
Oe6_s03156	gi|1241526912|gb|CP023284.1|	100.00	28	0	0	2872	2899	661567	661594	0.081	52.8
Oe6_s03156	gi|1239943639|ref|XM_844754.5|	100.00	28	0	0	2872	2899	280	253	0.081	52.8
Oe6_s03156	gi|1239943639|ref|XM_844754.5|	100.00	28	0	0	2872	2899	286	259	0.081	52.8
Oe6_s03156	gi|1239943639|ref|XM_844754.5|	100.00	28	0	0	2872	2899	292	265	0.081	52.8
Oe6_s03156	gi|1226786781|ref|XM_021986963.1|	100.00	28	0	0	2872	2899	538	511	0.081	52.8
Oe6_s03156	gi|1214194610|gb|CP022161.1|	100.00	28	0	0	2872	2899	10456783	10456810	0.081	52.8
Oe6_s03156	gi|1214194610|gb|CP022161.1|	100.00	28	0	0	2872	2899	10456789	10456816	0.081	52.8
Oe6_s03156	gi|1211046737|gb|CP022088.1|	100.00	28	0	0	2872	2899	3644989	3645016	0.081	52.8
Oe6_s03156	gi|1211046737|gb|CP022088.1|	100.00	28	0	0	2872	2899	3644995	3645022	0.081	52.8
Oe6_s03156	gi|1211046737|gb|CP022088.1|	100.00	28	0	0	2872	2899	3645001	3645028	0.081	52.8
Oe6_s03156	gi|1211046737|gb|CP022088.1|	100.00	28	0	0	2872	2899	3645007	3645034	0.081	52.8
Oe6_s03156	gi|1211046737|gb|CP022088.1|	100.00	28	0	0	2872	2899	3645013	3645040	0.081	52.8
Oe6_s03156	gi|1211046737|gb|CP022088.1|	100.00	28	0	0	2872	2899	3645019	3645046	0.081	52.8
Oe6_s03156	gi|1211046737|gb|CP022088.1|	100.00	28	0	0	2872	2899	3645025	3645052	0.081	52.8
Oe6_s03156	gi|1211046737|gb|CP022088.1|	100.00	28	0	0	2872	2899	3645031	3645058	0.081	52.8
Oe6_s03156	gi|1211031914|gb|CP022083.1|	100.00	28	0	0	2872	2899	340370	340397	0.081	52.8
Oe6_s03156	gi|1206216038|gb|CP021780.1|	100.00	28	0	0	2872	2899	1022089	1022062	0.081	52.8
Oe6_s03156	gi|1206216038|gb|CP021780.1|	100.00	28	0	0	2872	2899	1022095	1022068	0.081	52.8
Oe6_s03156	gi|1206216038|gb|CP021780.1|	100.00	28	0	0	2872	2899	1022101	1022074	0.081	52.8
Oe6_s03156	gi|1186424478|gb|CP018413.1|	100.00	28	0	0	2872	2899	2603039	2603066	0.081	52.8
Oe6_s03156	gi|1186424478|gb|CP018413.1|	100.00	28	0	0	2872	2899	2603045	2603072	0.081	52.8
Oe6_s03156	gi|1186424478|gb|CP018413.1|	100.00	28	0	0	2872	2899	2603051	2603078	0.081	52.8
Oe6_s03156	gi|1186414513|gb|CP018410.1|	100.00	28	0	0	2872	2899	642809	642836	0.081	52.8
Oe6_s03156	gi|1186414513|gb|CP018410.1|	100.00	28	0	0	2872	2899	642815	642842	0.081	52.8
Oe6_s03156	gi|1186414513|gb|CP018410.1|	100.00	28	0	0	2872	2899	642821	642848	0.081	52.8
Oe6_s03156	gi|1186414513|gb|CP018410.1|	100.00	28	0	0	2872	2899	642827	642854	0.081	52.8
Oe6_s03156	gi|1186414513|gb|CP018410.1|	100.00	28	0	0	2872	2899	642833	642860	0.081	52.8
Oe6_s03156	gi|1186414513|gb|CP018410.1|	100.00	28	0	0	2872	2899	642839	642866	0.081	52.8
Oe6_s03156	gi|1186414513|gb|CP018410.1|	100.00	28	0	0	2872	2899	642845	642872	0.081	52.8
Oe6_s03156	gi|1186414513|gb|CP018410.1|	100.00	28	0	0	2872	2899	642851	642878	0.081	52.8
Oe6_s03156	gi|1186414513|gb|CP018410.1|	100.00	28	0	0	2872	2899	642857	642884	0.081	52.8
Oe6_s03156	gi|1186414513|gb|CP018410.1|	100.00	28	0	0	2872	2899	642863	642890	0.081	52.8
Oe6_s03156	gi|1186407621|gb|CP018408.1|	100.00	28	0	0	2872	2899	3948488	3948515	0.081	52.8
Oe6_s03156	gi|1186407621|gb|CP018408.1|	100.00	28	0	0	2872	2899	3948494	3948521	0.081	52.8
Oe6_s03156	gi|1186407621|gb|CP018408.1|	100.00	28	0	0	2872	2899	3948500	3948527	0.081	52.8
Oe6_s03156	gi|1186407621|gb|CP018408.1|	100.00	28	0	0	2872	2899	3948506	3948533	0.081	52.8
Oe6_s03156	gi|1186400710|gb|CP018406.1|	100.00	28	0	0	2872	2899	854451	854424	0.081	52.8
Oe6_s03156	gi|1186400710|gb|CP018406.1|	100.00	28	0	0	2872	2899	854457	854430	0.081	52.8
Oe6_s03156	gi|1186400710|gb|CP018406.1|	100.00	28	0	0	2872	2899	854463	854436	0.081	52.8
Oe6_s03156	gi|1186400710|gb|CP018406.1|	100.00	28	0	0	2872	2899	854469	854442	0.081	52.8
Oe6_s03156	gi|1186394830|gb|CP018405.1|	100.00	28	0	0	2872	2899	1825662	1825635	0.081	52.8
Oe6_s03156	gi|1186394830|gb|CP018405.1|	100.00	28	0	0	2872	2899	1825668	1825641	0.081	52.8
Oe6_s03156	gi|1186394830|gb|CP018405.1|	100.00	28	0	0	2872	2899	1825674	1825647	0.081	52.8
Oe6_s03156	gi|1186394830|gb|CP018405.1|	100.00	28	0	0	2872	2899	1825680	1825653	0.081	52.8
Oe6_s03156	gi|1186387934|gb|CP018403.1|	100.00	28	0	0	2872	2899	2432350	2432323	0.081	52.8
Oe6_s03156	gi|1186387934|gb|CP018403.1|	100.00	28	0	0	2872	2899	2432356	2432329	0.081	52.8
Oe6_s03156	gi|1186387934|gb|CP018403.1|	100.00	28	0	0	2872	2899	2432362	2432335	0.081	52.8
Oe6_s03156	gi|1186387934|gb|CP018403.1|	100.00	28	0	0	2872	2899	2432368	2432341	0.081	52.8
Oe6_s03156	gi|1186364481|gb|CP018395.1|	100.00	28	0	0	2872	2899	2462465	2462438	0.081	52.8
Oe6_s03156	gi|1186357669|gb|CP018393.1|	100.00	28	0	0	2872	2899	3504258	3504231	0.081	52.8
Oe6_s03156	gi|1186357669|gb|CP018393.1|	100.00	28	0	0	2872	2899	3504264	3504237	0.081	52.8
Oe6_s03156	gi|1186357669|gb|CP018393.1|	100.00	28	0	0	2872	2899	3504270	3504243	0.081	52.8
Oe6_s03156	gi|1186350671|gb|CP018391.1|	100.00	28	0	0	2872	2899	268002	267975	0.081	52.8
Oe6_s03156	gi|1186350671|gb|CP018391.1|	100.00	28	0	0	2872	2899	268008	267981	0.081	52.8
Oe6_s03156	gi|1186350671|gb|CP018391.1|	100.00	28	0	0	2872	2899	268014	267987	0.081	52.8
Oe6_s03156	gi|1186350671|gb|CP018391.1|	100.00	28	0	0	2872	2899	268020	267993	0.081	52.8
Oe6_s03156	gi|1186343772|gb|CP018389.1|	100.00	28	0	0	2872	2899	860797	860824	0.081	52.8
Oe6_s03156	gi|1186337025|gb|CP018387.1|	100.00	28	0	0	2872	2899	3140469	3140496	0.081	52.8
Oe6_s03156	gi|1186329980|gb|CP018384.1|	100.00	28	0	0	2872	2899	2697351	2697378	0.081	52.8
Oe6_s03156	gi|1186329980|gb|CP018384.1|	100.00	28	0	0	2872	2899	2697357	2697384	0.081	52.8
Oe6_s03156	gi|1186329980|gb|CP018384.1|	100.00	28	0	0	2872	2899	2697363	2697390	0.081	52.8
Oe6_s03156	gi|1186326000|gb|CP018383.1|	100.00	28	0	0	2872	2899	3826565	3826592	0.081	52.8
Oe6_s03156	gi|1186315140|gb|CP018380.1|	100.00	28	0	0	2872	2899	1259694	1259721	0.081	52.8
Oe6_s03156	gi|1186315140|gb|CP018380.1|	100.00	28	0	0	2872	2899	1259700	1259727	0.081	52.8
Oe6_s03156	gi|1186303820|gb|CP018376.1|	100.00	28	0	0	2872	2899	2474068	2474041	0.081	52.8
Oe6_s03156	gi|1186303820|gb|CP018376.1|	100.00	28	0	0	2872	2899	2474074	2474047	0.081	52.8
Oe6_s03156	gi|1186294006|gb|CP018373.1|	100.00	28	0	0	2872	2899	3012361	3012334	0.081	52.8
Oe6_s03156	gi|1186294006|gb|CP018373.1|	100.00	28	0	0	2872	2899	3012367	3012340	0.081	52.8
Oe6_s03156	gi|1186294006|gb|CP018373.1|	100.00	28	0	0	2872	2899	3012373	3012346	0.081	52.8
Oe6_s03156	gi|1186294006|gb|CP018373.1|	100.00	28	0	0	2872	2899	3012379	3012352	0.081	52.8
Oe6_s03156	gi|1186290126|gb|CP018372.1|	100.00	28	0	0	2872	2899	2677626	2677653	0.081	52.8
Oe6_s03156	gi|1186290126|gb|CP018372.1|	100.00	28	0	0	2872	2899	2677632	2677659	0.081	52.8
Oe6_s03156	gi|1186290126|gb|CP018372.1|	100.00	28	0	0	2872	2899	2677638	2677665	0.081	52.8
Oe6_s03156	gi|1186290126|gb|CP018372.1|	100.00	28	0	0	2872	2899	3226998	3227025	0.081	52.8
Oe6_s03156	gi|1186290126|gb|CP018372.1|	100.00	28	0	0	2872	2899	3227004	3227031	0.081	52.8
Oe6_s03156	gi|1186280445|gb|CP018369.1|	100.00	28	0	0	2872	2899	1143361	1143388	0.081	52.8
Oe6_s03156	gi|1186280445|gb|CP018369.1|	100.00	28	0	0	2872	2899	1143367	1143394	0.081	52.8
Oe6_s03156	gi|1186267405|gb|CP018416.1|	100.00	28	0	0	2872	2899	3691763	3691790	0.081	52.8
Oe6_s03156	gi|1186267405|gb|CP018416.1|	100.00	28	0	0	2872	2899	3691769	3691796	0.081	52.8
Oe6_s03156	gi|1186267405|gb|CP018416.1|	100.00	28	0	0	2872	2899	3691775	3691802	0.081	52.8
Oe6_s03156	gi|1186267405|gb|CP018416.1|	100.00	28	0	0	2872	2899	3691781	3691808	0.081	52.8
Oe6_s03156	gi|1186267405|gb|CP018416.1|	100.00	28	0	0	2872	2899	3691787	3691814	0.081	52.8
Oe6_s03156	gi|1186267405|gb|CP018416.1|	100.00	28	0	0	2872	2899	3691793	3691820	0.081	52.8
Oe6_s03156	gi|1185554301|ref|XM_012321234.2|	100.00	28	0	0	2872	2899	664	637	0.081	52.8
Oe6_s03156	gi|1185554300|ref|XM_012321227.2|	100.00	28	0	0	2872	2899	664	637	0.081	52.8
Oe6_s03156	gi|1150114953|ref|XM_020349557.1|	100.00	28	0	0	2872	2899	144	117	0.081	52.8
Oe6_s03156	gi|1148979828|gb|CP019724.1|	100.00	28	0	0	2872	2899	6663681	6663654	0.081	52.8
Oe6_s03156	gi|1148979828|gb|CP019724.1|	100.00	28	0	0	2872	2899	6663687	6663660	0.081	52.8
Oe6_s03156	gi|1148909407|ref|XM_020274315.1|	100.00	28	0	0	2872	2899	1111	1084	0.081	52.8
Oe6_s03156	gi|1140105870|gb|CP017641.1|	100.00	28	0	0	2872	2899	473450	473477	0.081	52.8
Oe6_s03156	gi|1140105870|gb|CP017641.1|	100.00	28	0	0	2872	2899	473456	473483	0.081	52.8
Oe6_s03156	gi|1137390175|gb|CP017048.1|	100.00	28	0	0	2872	2899	2567008	2566981	0.081	52.8
Oe6_s03156	gi|1137390175|gb|CP017048.1|	100.00	28	0	0	2872	2899	3121580	3121553	0.081	52.8
Oe6_s03156	gi|1137390175|gb|CP017048.1|	100.00	28	0	0	2872	2899	3121586	3121559	0.081	52.8
Oe6_s03156	gi|1137380924|gb|CP017046.1|	100.00	28	0	0	2872	2899	2532207	2532180	0.081	52.8
Oe6_s03156	gi|1137380924|gb|CP017046.1|	100.00	28	0	0	2872	2899	3104772	3104745	0.081	52.8
Oe6_s03156	gi|1137380924|gb|CP017046.1|	100.00	28	0	0	2872	2899	3104778	3104751	0.081	52.8
Oe6_s03156	gi|1137370501|gb|CP017044.1|	100.00	28	0	0	2872	2899	2479674	2479647	0.081	52.8
Oe6_s03156	gi|1129970428|ref|XM_019887530.1|	100.00	28	0	0	2873	2900	231	258	0.081	52.8
Oe6_s03156	gi|1104533464|gb|CP018054.1|	100.00	28	0	0	2872	2899	1549281	1549254	0.081	52.8
Oe6_s03156	gi|1104533464|gb|CP018054.1|	100.00	28	0	0	2872	2899	1549287	1549260	0.081	52.8
Oe6_s03156	gi|1104533464|gb|CP018054.1|	100.00	28	0	0	2872	2899	1549293	1549266	0.081	52.8
Oe6_s03156	gi|1098868361|emb|LT558130.1|	100.00	28	0	0	2872	2899	40422	40395	0.081	52.8
Oe6_s03156	gi|1098868361|emb|LT558130.1|	100.00	28	0	0	2872	2899	40428	40401	0.081	52.8
Oe6_s03156	gi|1098868361|emb|LT558130.1|	100.00	28	0	0	2872	2899	40434	40407	0.081	52.8
Oe6_s03156	gi|1098868361|emb|LT558130.1|	100.00	28	0	0	2872	2899	40440	40413	0.081	52.8
Oe6_s03156	gi|1092246069|gb|CP017754.1|	100.00	28	0	0	2872	2899	1710490	1710517	0.081	52.8
Oe6_s03156	gi|1092246069|gb|CP017754.1|	100.00	28	0	0	2872	2899	1710496	1710523	0.081	52.8
Oe6_s03156	gi|1092246069|gb|CP017754.1|	100.00	28	0	0	2872	2899	1710502	1710529	0.081	52.8
Oe6_s03156	gi|1092246069|gb|CP017754.1|	100.00	28	0	0	2872	2899	1710508	1710535	0.081	52.8
Oe6_s03156	gi|1092246069|gb|CP017754.1|	100.00	28	0	0	2872	2899	1710514	1710541	0.081	52.8
Oe6_s03156	gi|1087763666|ref|XM_018803059.1|	94.29	35	1	1	2871	2904	416	382	0.081	52.8
Oe6_s03156	gi|1078655010|gb|CP017555.1|	100.00	28	0	0	2872	2899	762468	762441	0.081	52.8
Oe6_s03156	gi|1071051719|ref|XM_018424476.1|	100.00	28	0	0	2872	2899	2	29	0.081	52.8
Oe6_s03156	gi|1071051719|ref|XM_018424476.1|	100.00	28	0	0	2872	2899	8	35	0.081	52.8
Oe6_s03156	gi|1070689101|emb|LT594594.1|	100.00	28	0	0	2872	2899	754001	754028	0.081	52.8
Oe6_s03156	gi|1070689101|emb|LT594594.1|	100.00	28	0	0	2872	2899	754007	754034	0.081	52.8
Oe6_s03156	gi|1070689101|emb|LT594594.1|	100.00	28	0	0	2872	2899	754013	754040	0.081	52.8
Oe6_s03156	gi|1070689101|emb|LT594594.1|	100.00	28	0	0	2872	2899	754019	754046	0.081	52.8
Oe6_s03156	gi|1069762288|gb|CP016442.1|	100.00	28	0	0	2872	2899	1630908	1630935	0.081	52.8
Oe6_s03156	gi|1069762288|gb|CP016442.1|	100.00	28	0	0	2872	2899	1630914	1630941	0.081	52.8
Oe6_s03156	gi|1066970577|gb|CP017175.1|	100.00	28	0	0	2872	2899	1295325	1295298	0.081	52.8
Oe6_s03156	gi|1062670196|ref|XM_018102310.1|	100.00	28	0	0	2872	2899	145	118	0.081	52.8
Oe6_s03156	gi|1062670193|ref|XM_018102308.1|	100.00	28	0	0	2872	2899	145	118	0.081	52.8
Oe6_s03156	gi|1062670190|ref|XM_018102307.1|	100.00	28	0	0	2872	2899	145	118	0.081	52.8
Oe6_s03156	gi|1062670187|ref|XM_018102306.1|	100.00	28	0	0	2872	2899	145	118	0.081	52.8
Oe6_s03156	gi|1061755639|gb|CP013457.1|	100.00	28	0	0	2872	2899	1104875	1104848	0.081	52.8
Oe6_s03156	gi|1061755639|gb|CP013457.1|	100.00	28	0	0	2872	2899	1104881	1104854	0.081	52.8
Oe6_s03156	gi|1061755639|gb|CP013457.1|	100.00	28	0	0	1071	1098	3780058	3780031	0.081	52.8
Oe6_s03156	gi|1061738291|gb|CP013448.1|	100.00	28	0	0	2872	2899	1236028	1236001	0.081	52.8
Oe6_s03156	gi|1061684883|gb|CP013424.1|	100.00	28	0	0	2872	2899	1020901	1020874	0.081	52.8
Oe6_s03156	gi|1061684883|gb|CP013424.1|	100.00	28	0	0	2872	2899	1020907	1020880	0.081	52.8
Oe6_s03156	gi|1061645753|gb|CP013410.1|	100.00	28	0	0	2872	2899	2446338	2446311	0.081	52.8
Oe6_s03156	gi|1061645753|gb|CP013410.1|	100.00	28	0	0	2872	2899	2446344	2446317	0.081	52.8
Oe6_s03156	gi|1061645753|gb|CP013410.1|	100.00	28	0	0	2872	2899	2446350	2446323	0.081	52.8
Oe6_s03156	gi|1061645753|gb|CP013410.1|	100.00	28	0	0	2872	2899	2446356	2446329	0.081	52.8
Oe6_s03156	gi|1061645753|gb|CP013410.1|	100.00	28	0	0	2872	2899	2446362	2446335	0.081	52.8
Oe6_s03156	gi|1061645753|gb|CP013410.1|	100.00	28	0	0	2872	2899	2446368	2446341	0.081	52.8
Oe6_s03156	gi|1061645753|gb|CP013410.1|	100.00	28	0	0	2872	2899	2446374	2446347	0.081	52.8
Oe6_s03156	gi|1061645753|gb|CP013410.1|	100.00	28	0	0	2872	2899	2446380	2446353	0.081	52.8
Oe6_s03156	gi|1061642448|gb|CP013409.1|	100.00	28	0	0	2872	2899	974369	974342	0.081	52.8
Oe6_s03156	gi|1061642448|gb|CP013409.1|	100.00	28	0	0	2872	2899	974375	974348	0.081	52.8
Oe6_s03156	gi|1061642448|gb|CP013409.1|	100.00	28	0	0	2872	2899	974381	974354	0.081	52.8
Oe6_s03156	gi|1061634908|gb|CP013407.1|	100.00	28	0	0	2872	2899	3120105	3120132	0.081	52.8
Oe6_s03156	gi|1061634908|gb|CP013407.1|	100.00	28	0	0	2872	2899	3120111	3120138	0.081	52.8
Oe6_s03156	gi|1061634908|gb|CP013407.1|	100.00	28	0	0	2872	2899	3120117	3120144	0.081	52.8
Oe6_s03156	gi|1061634908|gb|CP013407.1|	100.00	28	0	0	2872	2899	3120123	3120150	0.081	52.8
Oe6_s03156	gi|1061634908|gb|CP013407.1|	100.00	28	0	0	2872	2899	3120129	3120156	0.081	52.8
Oe6_s03156	gi|1061582829|gb|CP013388.1|	100.00	28	0	0	2872	2899	1294436	1294463	0.081	52.8
Oe6_s03156	gi|1061577340|gb|CP013386.1|	100.00	28	0	0	2872	2899	3041127	3041154	0.081	52.8
Oe6_s03156	gi|1061577340|gb|CP013386.1|	100.00	28	0	0	2872	2899	3041133	3041160	0.081	52.8
Oe6_s03156	gi|1061529952|gb|CP013361.1|	100.00	28	0	0	2872	2899	2410562	2410535	0.081	52.8
Oe6_s03156	gi|1061529952|gb|CP013361.1|	100.00	28	0	0	2872	2899	2410568	2410541	0.081	52.8
Oe6_s03156	gi|1061529952|gb|CP013361.1|	100.00	28	0	0	2872	2899	2410574	2410547	0.081	52.8
Oe6_s03156	gi|1061520595|gb|CP013358.1|	100.00	28	0	0	2872	2899	1002687	1002660	0.081	52.8
Oe6_s03156	gi|1061520595|gb|CP013358.1|	100.00	28	0	0	2872	2899	1002693	1002666	0.081	52.8
Oe6_s03156	gi|1061520595|gb|CP013358.1|	100.00	28	0	0	2872	2899	1002699	1002672	0.081	52.8
Oe6_s03156	gi|1061516900|gb|CP013357.1|	100.00	28	0	0	2872	2899	1026921	1026894	0.081	52.8
Oe6_s03156	gi|1061516900|gb|CP013357.1|	100.00	28	0	0	2872	2899	1026927	1026900	0.081	52.8
Oe6_s03156	gi|1061516900|gb|CP013357.1|	100.00	28	0	0	2872	2899	1026933	1026906	0.081	52.8
Oe6_s03156	gi|1061516900|gb|CP013357.1|	100.00	28	0	0	2872	2899	1026939	1026912	0.081	52.8
Oe6_s03156	gi|1061516900|gb|CP013357.1|	100.00	28	0	0	2872	2899	1026945	1026918	0.081	52.8
Oe6_s03156	gi|1061516900|gb|CP013357.1|	100.00	28	0	0	2872	2899	1026951	1026924	0.081	52.8
Oe6_s03156	gi|1060205856|ref|XM_018002150.1|	100.00	28	0	0	2872	2899	2215	2188	0.081	52.8
Oe6_s03156	gi|1060205856|ref|XM_018002150.1|	100.00	28	0	0	2872	2899	2221	2194	0.081	52.8
Oe6_s03156	gi|1060205848|ref|XM_018002149.1|	100.00	28	0	0	2872	2899	2219	2192	0.081	52.8
Oe6_s03156	gi|1060205848|ref|XM_018002149.1|	100.00	28	0	0	2872	2899	2225	2198	0.081	52.8
Oe6_s03156	gi|1060205842|ref|XM_018002148.1|	100.00	28	0	0	2872	2899	2281	2254	0.081	52.8
Oe6_s03156	gi|1060205842|ref|XM_018002148.1|	100.00	28	0	0	2872	2899	2287	2260	0.081	52.8
Oe6_s03156	gi|1060205837|ref|XM_018002147.1|	100.00	28	0	0	2872	2899	2286	2259	0.081	52.8
Oe6_s03156	gi|1060205837|ref|XM_018002147.1|	100.00	28	0	0	2872	2899	2292	2265	0.081	52.8
Oe6_s03156	gi|1060205832|ref|XM_018002146.1|	100.00	28	0	0	2872	2899	4099	4072	0.081	52.8
Oe6_s03156	gi|1060205832|ref|XM_018002146.1|	100.00	28	0	0	2872	2899	4105	4078	0.081	52.8
Oe6_s03156	gi|1037082083|ref|XM_017273098.1|	100.00	28	0	0	2872	2899	122	95	0.081	52.8
Oe6_s03156	gi|1037082067|ref|XM_017273097.1|	100.00	28	0	0	2872	2899	136	109	0.081	52.8
Oe6_s03156	gi|1028462100|gb|CP011388.1|	100.00	28	0	0	2872	2899	1582551	1582524	0.081	52.8
Oe6_s03156	gi|1028462100|gb|CP011388.1|	100.00	28	0	0	2872	2899	1582557	1582530	0.081	52.8
Oe6_s03156	gi|1028462100|gb|CP011388.1|	100.00	28	0	0	2872	2899	1582563	1582536	0.081	52.8
Oe6_s03156	gi|1024968636|ref|XM_016450146.1|	100.00	28	0	0	2872	2899	307	334	0.081	52.8
Oe6_s03156	gi|1003331899|emb|LK056662.1|	100.00	28	0	0	2872	2899	1294739	1294766	0.081	52.8
Oe6_s03156	gi|972209368|ref|XM_015331548.1|	100.00	28	0	0	2872	2899	2751	2778	0.081	52.8
Oe6_s03156	gi|972209366|ref|XM_015331547.1|	100.00	28	0	0	2872	2899	2299	2326	0.081	52.8
Oe6_s03156	gi|972209364|ref|XM_015331546.1|	100.00	28	0	0	2872	2899	2755	2782	0.081	52.8
Oe6_s03156	gi|972209362|ref|XM_015331545.1|	100.00	28	0	0	2872	2899	2415	2442	0.081	52.8
Oe6_s03156	gi|968093430|ref|XM_002058035.2|	100.00	28	0	0	2872	2899	40	13	0.081	52.8
Oe6_s03156	gi|955494002|ref|XM_014801986.1|	100.00	28	0	0	2872	2899	55	82	0.081	52.8
Oe6_s03156	gi|940695675|gb|CP012981.1|	100.00	28	0	0	2872	2899	1820616	1820589	0.081	52.8
Oe6_s03156	gi|928189537|emb|LN609246.1|	100.00	28	0	0	2872	2899	170859	170832	0.081	52.8
Oe6_s03156	gi|924563519|gb|CP012528.1|	100.00	28	0	0	2872	2899	651712	651739	0.081	52.8
Oe6_s03156	gi|924555148|gb|CP012524.1|	100.00	28	0	0	2872	2899	7776245	7776272	0.081	52.8
Oe6_s03156	gi|924477570|gb|CP012517.1|	100.00	28	0	0	2872	2899	2601444	2601471	0.081	52.8
Oe6_s03156	gi|924469900|gb|CP012515.1|	100.00	28	0	0	2872	2899	2601119	2601146	0.081	52.8
Oe6_s03156	gi|923131862|ref|XM_013903943.1|	96.88	32	0	1	5	35	593	562	0.081	52.8
Oe6_s03156	gi|923121938|ref|XM_013898986.1|	100.00	28	0	0	2872	2899	665	692	0.081	52.8
Oe6_s03156	gi|923121938|ref|XM_013898986.1|	100.00	28	0	0	2872	2899	671	698	0.081	52.8
Oe6_s03156	gi|923121938|ref|XM_013898986.1|	100.00	28	0	0	2872	2899	677	704	0.081	52.8
Oe6_s03156	gi|909575447|ref|XM_013288005.1|	100.00	28	0	0	2872	2899	6635	6662	0.081	52.8
Oe6_s03156	gi|909575445|ref|XM_013288004.1|	100.00	28	0	0	2872	2899	6683	6710	0.081	52.8
Oe6_s03156	gi|847149508|ref|XM_002937592.3|	100.00	28	0	0	2872	2899	90	63	0.081	52.8
Oe6_s03156	gi|847149508|ref|XM_002937592.3|	100.00	28	0	0	2872	2899	96	69	0.081	52.8
Oe6_s03156	gi|847149508|ref|XM_002937592.3|	100.00	28	0	0	2872	2899	102	75	0.081	52.8
Oe6_s03156	gi|847149508|ref|XM_002937592.3|	100.00	28	0	0	2872	2899	108	81	0.081	52.8
Oe6_s03156	gi|847149508|ref|XM_002937592.3|	100.00	28	0	0	2872	2899	114	87	0.081	52.8
Oe6_s03156	gi|847149508|ref|XM_002937592.3|	100.00	28	0	0	2872	2899	120	93	0.081	52.8
Oe6_s03156	gi|847149508|ref|XM_002937592.3|	100.00	28	0	0	2872	2899	126	99	0.081	52.8
Oe6_s03156	gi|847149508|ref|XM_002937592.3|	100.00	28	0	0	2872	2899	132	105	0.081	52.8
Oe6_s03156	gi|847149508|ref|XM_002937592.3|	100.00	28	0	0	2872	2899	138	111	0.081	52.8
Oe6_s03156	gi|847149508|ref|XM_002937592.3|	100.00	28	0	0	2872	2899	144	117	0.081	52.8
Oe6_s03156	gi|847149508|ref|XM_002937592.3|	100.00	28	0	0	2872	2899	150	123	0.081	52.8
Oe6_s03156	gi|847149508|ref|XM_002937592.3|	100.00	28	0	0	2872	2899	156	129	0.081	52.8
Oe6_s03156	gi|847149508|ref|XM_002937592.3|	100.00	28	0	0	2872	2899	162	135	0.081	52.8
Oe6_s03156	gi|847149508|ref|XM_002937592.3|	100.00	28	0	0	2872	2899	168	141	0.081	52.8
Oe6_s03156	gi|847149508|ref|XM_002937592.3|	100.00	28	0	0	2872	2899	174	147	0.081	52.8
Oe6_s03156	gi|847149508|ref|XM_002937592.3|	100.00	28	0	0	2872	2899	180	153	0.081	52.8
Oe6_s03156	gi|831237920|ref|XM_003797037.2|	100.00	28	0	0	2872	2899	230	257	0.081	52.8
Oe6_s03156	gi|828318730|ref|XM_004504484.2|	100.00	28	0	0	2872	2899	85	112	0.081	52.8
Oe6_s03156	gi|822490354|gb|CP010914.1|	100.00	28	0	0	2872	2899	366472	366445	0.081	52.8
Oe6_s03156	gi|773053854|gb|CP010065.1|	100.00	28	0	0	2872	2899	777775	777748	0.081	52.8
Oe6_s03156	gi|773030104|gb|CP009799.1|	100.00	28	0	0	2872	2899	1148421	1148394	0.081	52.8
Oe6_s03156	gi|773030104|gb|CP009799.1|	100.00	28	0	0	2872	2899	1148427	1148400	0.081	52.8
Oe6_s03156	gi|773030104|gb|CP009799.1|	100.00	28	0	0	2872	2899	1148433	1148406	0.081	52.8
Oe6_s03156	gi|773030104|gb|CP009799.1|	100.00	28	0	0	2872	2899	1148439	1148412	0.081	52.8
Oe6_s03156	gi|773022854|gb|CP009832.1|	100.00	28	0	0	2872	2899	970937	970910	0.081	52.8
Oe6_s03156	gi|773008133|gb|CP009707.1|	100.00	28	0	0	2872	2899	2055212	2055185	0.081	52.8
Oe6_s03156	gi|773008133|gb|CP009707.1|	100.00	28	0	0	2872	2899	2055218	2055191	0.081	52.8
Oe6_s03156	gi|773008133|gb|CP009707.1|	100.00	28	0	0	2872	2899	2705903	2705876	0.081	52.8
Oe6_s03156	gi|773008133|gb|CP009707.1|	100.00	28	0	0	2872	2899	2705909	2705882	0.081	52.8
Oe6_s03156	gi|773008133|gb|CP009707.1|	100.00	28	0	0	2872	2899	2705915	2705888	0.081	52.8
Oe6_s03156	gi|772995274|gb|CP009642.1|	100.00	28	0	0	2872	2899	1339939	1339912	0.081	52.8
Oe6_s03156	gi|772989008|gb|CP009601.1|	100.00	28	0	0	2872	2899	1548784	1548757	0.081	52.8
Oe6_s03156	gi|772983543|gb|CP009587.1|	100.00	28	0	0	2872	2899	1628724	1628697	0.081	52.8
Oe6_s03156	gi|772983543|gb|CP009587.1|	100.00	28	0	0	2872	2899	3089847	3089874	0.081	52.8
Oe6_s03156	gi|772970135|gb|CP009555.1|	100.00	28	0	0	2872	2899	2664864	2664837	0.081	52.8
Oe6_s03156	gi|772970135|gb|CP009555.1|	100.00	28	0	0	2872	2899	2664870	2664843	0.081	52.8
Oe6_s03156	gi|772970135|gb|CP009555.1|	100.00	28	0	0	2872	2899	2664876	2664849	0.081	52.8
Oe6_s03156	gi|772966317|gb|CP009551.1|	100.00	28	0	0	2872	2899	2215812	2215785	0.081	52.8
Oe6_s03156	gi|772966317|gb|CP009551.1|	100.00	28	0	0	2872	2899	2802445	2802418	0.081	52.8
Oe6_s03156	gi|772950220|gb|CP009545.1|	100.00	28	0	0	2872	2899	1031112	1031139	0.081	52.8
Oe6_s03156	gi|772950220|gb|CP009545.1|	100.00	28	0	0	2872	2899	1031118	1031145	0.081	52.8
Oe6_s03156	gi|772942966|gb|CP009535.1|	100.00	28	0	0	2872	2899	617377	617404	0.081	52.8
Oe6_s03156	gi|772942966|gb|CP009535.1|	100.00	28	0	0	2872	2899	617383	617410	0.081	52.8
Oe6_s03156	gi|772942966|gb|CP009535.1|	100.00	28	0	0	2872	2899	617389	617416	0.081	52.8
Oe6_s03156	gi|772942966|gb|CP009535.1|	100.00	28	0	0	2872	2899	617395	617422	0.081	52.8
Oe6_s03156	gi|772931240|gb|CP009485.1|	100.00	28	0	0	2872	2899	3339639	3339612	0.081	52.8
Oe6_s03156	gi|772931240|gb|CP009485.1|	100.00	28	0	0	2872	2899	3339645	3339618	0.081	52.8
Oe6_s03156	gi|772931240|gb|CP009485.1|	100.00	28	0	0	2872	2899	3339651	3339624	0.081	52.8
Oe6_s03156	gi|772916729|gb|CP009474.1|	100.00	28	0	0	2872	2899	804799	804826	0.081	52.8
Oe6_s03156	gi|772908462|gb|CP009337.1|	100.00	28	0	0	2872	2899	782486	782459	0.081	52.8
Oe6_s03156	gi|772887115|gb|CP004379.1|	100.00	28	0	0	2872	2899	3343740	3343767	0.081	52.8
Oe6_s03156	gi|772887115|gb|CP004379.1|	100.00	28	0	0	2872	2899	3343746	3343773	0.081	52.8
Oe6_s03156	gi|772887115|gb|CP004379.1|	100.00	28	0	0	2872	2899	3343752	3343779	0.081	52.8
Oe6_s03156	gi|767439039|gb|CP008915.2|	100.00	28	0	0	2872	2899	2039013	2038986	0.081	52.8
Oe6_s03156	gi|767439039|gb|CP008915.2|	100.00	28	0	0	2872	2899	2039019	2038992	0.081	52.8
Oe6_s03156	gi|767439039|gb|CP008915.2|	100.00	28	0	0	2872	2899	2039025	2038998	0.081	52.8
Oe6_s03156	gi|702073521|emb|FO905895.1|	100.00	28	0	0	2872	2899	1038357	1038330	0.081	52.8
Oe6_s03156	gi|702073521|emb|FO905895.1|	100.00	28	0	0	2872	2899	1038363	1038336	0.081	52.8
Oe6_s03156	gi|702073521|emb|FO905895.1|	100.00	28	0	0	2872	2899	1038369	1038342	0.081	52.8
Oe6_s03156	gi|702073521|emb|FO905895.1|	100.00	28	0	0	2872	2899	1038375	1038348	0.081	52.8
Oe6_s03156	gi|702073468|emb|FO905842.1|	100.00	28	0	0	2872	2899	74371	74344	0.081	52.8
Oe6_s03156	gi|702067665|emb|FO906637.1|	100.00	28	0	0	2872	2899	32348	32321	0.081	52.8
Oe6_s03156	gi|702067665|emb|FO906637.1|	100.00	28	0	0	2872	2899	32354	32327	0.081	52.8
Oe6_s03156	gi|701248023|gb|CP009235.1|	100.00	28	0	0	2872	2899	82219	82246	0.081	52.8
Oe6_s03156	gi|701248023|gb|CP009235.1|	100.00	28	0	0	2872	2899	82225	82252	0.081	52.8
Oe6_s03156	gi|701248023|gb|CP009235.1|	100.00	28	0	0	2872	2899	82231	82258	0.081	52.8
Oe6_s03156	gi|695921912|gb|CP004381.1|	100.00	28	0	0	2872	2899	229856	229883	0.081	52.8
Oe6_s03156	gi|695921912|gb|CP004381.1|	100.00	28	0	0	2872	2899	229862	229889	0.081	52.8
Oe6_s03156	gi|695921912|gb|CP004381.1|	100.00	28	0	0	2872	2899	229868	229895	0.081	52.8
Oe6_s03156	gi|695921912|gb|CP004381.1|	100.00	28	0	0	2872	2899	229874	229901	0.081	52.8
Oe6_s03156	gi|695575058|ref|XM_009553690.1|	100.00	28	0	0	2872	2899	2662	2689	0.081	52.8
Oe6_s03156	gi|695446391|ref|XM_009536174.1|	100.00	28	0	0	2872	2899	310	337	0.081	52.8
Oe6_s03156	gi|695183734|gb|CP004377.1|	100.00	28	0	0	2872	2899	3375289	3375262	0.081	52.8
Oe6_s03156	gi|695183734|gb|CP004377.1|	100.00	28	0	0	2872	2899	3375295	3375268	0.081	52.8
Oe6_s03156	gi|695183734|gb|CP004377.1|	100.00	28	0	0	2872	2899	3375301	3375274	0.081	52.8
Oe6_s03156	gi|695178023|gb|CP004385.1|	100.00	28	0	0	2872	2899	1379122	1379095	0.081	52.8
Oe6_s03156	gi|695178023|gb|CP004385.1|	100.00	28	0	0	2872	2899	1379128	1379101	0.081	52.8
Oe6_s03156	gi|695178023|gb|CP004385.1|	100.00	28	0	0	2872	2899	1379134	1379107	0.081	52.8
Oe6_s03156	gi|695178023|gb|CP004385.1|	100.00	28	0	0	2872	2899	1379140	1379113	0.081	52.8
Oe6_s03156	gi|695178023|gb|CP004385.1|	100.00	28	0	0	2872	2899	1379146	1379119	0.081	52.8
Oe6_s03156	gi|694527293|ref|XM_009494691.1|	100.00	28	0	0	2872	2899	1423	1450	0.081	52.8
Oe6_s03156	gi|694527293|ref|XM_009494691.1|	100.00	28	0	0	2872	2899	1429	1456	0.081	52.8
Oe6_s03156	gi|694525586|ref|XM_009494201.1|	100.00	28	0	0	2872	2899	1203	1230	0.081	52.8
Oe6_s03156	gi|687876005|emb|LK946074.1|	100.00	28	0	0	2872	2899	29286	29259	0.081	52.8
Oe6_s03156	gi|685776998|gb|CP008894.1|	100.00	28	0	0	2872	2899	2284876	2284903	0.081	52.8
Oe6_s03156	gi|685742722|gb|CP008785.1|	100.00	28	0	0	2872	2899	928819	928846	0.081	52.8
Oe6_s03156	gi|685730667|gb|CP008834.1|	100.00	28	0	0	2872	2899	2944388	2944361	0.081	52.8
Oe6_s03156	gi|685730667|gb|CP008834.1|	100.00	28	0	0	2872	2899	2944394	2944367	0.081	52.8
Oe6_s03156	gi|685730667|gb|CP008834.1|	100.00	28	0	0	2872	2899	2944400	2944373	0.081	52.8
Oe6_s03156	gi|685718900|gb|CP008763.1|	100.00	28	0	0	2872	2899	3027513	3027540	0.081	52.8
Oe6_s03156	gi|685718900|gb|CP008763.1|	100.00	28	0	0	2872	2899	3027519	3027546	0.081	52.8
Oe6_s03156	gi|685715473|gb|CP008780.1|	100.00	28	0	0	2872	2899	3232793	3232766	0.081	52.8
Oe6_s03156	gi|685707184|gb|CP008777.1|	100.00	28	0	0	2872	2899	1977325	1977298	0.081	52.8
Oe6_s03156	gi|685707184|gb|CP008777.1|	100.00	28	0	0	2872	2899	1977331	1977304	0.081	52.8
Oe6_s03156	gi|685707184|gb|CP008777.1|	100.00	28	0	0	2872	2899	1977337	1977310	0.081	52.8
Oe6_s03156	gi|685707184|gb|CP008777.1|	100.00	28	0	0	2872	2899	1977343	1977316	0.081	52.8
Oe6_s03156	gi|685707184|gb|CP008777.1|	100.00	28	0	0	2872	2899	1977349	1977322	0.081	52.8
Oe6_s03156	gi|685707184|gb|CP008777.1|	100.00	28	0	0	2872	2899	1977355	1977328	0.081	52.8
Oe6_s03156	gi|685707184|gb|CP008777.1|	100.00	28	0	0	2872	2899	1977361	1977334	0.081	52.8
Oe6_s03156	gi|685707184|gb|CP008777.1|	100.00	28	0	0	2872	2899	1977367	1977340	0.081	52.8
Oe6_s03156	gi|685677664|gb|CP008726.1|	100.00	28	0	0	2872	2899	2655766	2655793	0.081	52.8
Oe6_s03156	gi|685677664|gb|CP008726.1|	100.00	28	0	0	2872	2899	2655772	2655799	0.081	52.8
Oe6_s03156	gi|685677664|gb|CP008726.1|	100.00	28	0	0	2872	2899	2655778	2655805	0.081	52.8
Oe6_s03156	gi|685677664|gb|CP008726.1|	100.00	28	0	0	2872	2899	2655784	2655811	0.081	52.8
Oe6_s03156	gi|685677664|gb|CP008726.1|	100.00	28	0	0	2872	2899	2655790	2655817	0.081	52.8
Oe6_s03156	gi|685677664|gb|CP008726.1|	100.00	28	0	0	2872	2899	2655796	2655823	0.081	52.8
Oe6_s03156	gi|685669727|gb|CP008711.1|	100.00	28	0	0	2872	2899	976016	975989	0.081	52.8
Oe6_s03156	gi|685669727|gb|CP008711.1|	100.00	28	0	0	2872	2899	2111540	2111567	0.081	52.8
Oe6_s03156	gi|685669727|gb|CP008711.1|	100.00	28	0	0	2872	2899	2111546	2111573	0.081	52.8
Oe6_s03156	gi|685635399|gb|CP007746.1|	100.00	28	0	0	2872	2899	2309418	2309391	0.081	52.8
Oe6_s03156	gi|671174691|ref|XM_008729588.1|	100.00	28	0	0	2871	2898	2348	2321	0.081	52.8
Oe6_s03156	gi|664635734|emb|LK936442.1|	100.00	28	0	0	2872	2899	2603448	2603475	0.081	52.8
Oe6_s03156	gi|664635734|emb|LK936442.1|	100.00	28	0	0	2872	2899	2603454	2603481	0.081	52.8
Oe6_s03156	gi|655536463|gb|CP004383.1|	100.00	28	0	0	2872	2899	1516404	1516377	0.081	52.8
Oe6_s03156	gi|655536463|gb|CP004383.1|	100.00	28	0	0	2872	2899	1516410	1516383	0.081	52.8
Oe6_s03156	gi|655536463|gb|CP004383.1|	100.00	28	0	0	2872	2899	1516416	1516389	0.081	52.8
Oe6_s03156	gi|655536463|gb|CP004383.1|	100.00	28	0	0	2872	2899	1516422	1516395	0.081	52.8
Oe6_s03156	gi|655536463|gb|CP004383.1|	100.00	28	0	0	2872	2899	1516428	1516401	0.081	52.8
Oe6_s03156	gi|628286802|ref|XM_007757305.1|	100.00	28	0	0	2872	2899	406	379	0.081	52.8
Oe6_s03156	gi|592971022|emb|HG934061.1|	100.00	28	0	0	2872	2899	750636	750609	0.081	52.8
Oe6_s03156	gi|589630713|gb|CP001220.2|	100.00	28	0	0	2872	2899	2577404	2577431	0.081	52.8
Oe6_s03156	gi|584105623|gb|CP004117.1|	100.00	28	0	0	2872	2899	3656089	3656062	0.081	52.8
Oe6_s03156	gi|584100072|gb|CP004097.1|	100.00	28	0	0	2872	2899	2747736	2747763	0.081	52.8
Oe6_s03156	gi|584094745|gb|CP004090.1|	100.00	28	0	0	2872	2899	1730859	1730832	0.081	52.8
Oe6_s03156	gi|584094745|gb|CP004090.1|	100.00	28	0	0	2872	2899	1730865	1730838	0.081	52.8
Oe6_s03156	gi|584094745|gb|CP004090.1|	100.00	28	0	0	2872	2899	1730871	1730844	0.081	52.8
Oe6_s03156	gi|584094745|gb|CP004090.1|	100.00	28	0	0	2872	2899	1730877	1730850	0.081	52.8
Oe6_s03156	gi|584094745|gb|CP004090.1|	100.00	28	0	0	2872	2899	1730883	1730856	0.081	52.8
Oe6_s03156	gi|584094745|gb|CP004090.1|	100.00	28	0	0	2872	2899	1730889	1730862	0.081	52.8
Oe6_s03156	gi|584094745|gb|CP004090.1|	100.00	28	0	0	2872	2899	1730895	1730868	0.081	52.8
Oe6_s03156	gi|584094745|gb|CP004090.1|	100.00	28	0	0	2872	2899	1730901	1730874	0.081	52.8
Oe6_s03156	gi|584091436|gb|CP004089.1|	100.00	28	0	0	2872	2899	1288611	1288584	0.081	52.8
Oe6_s03156	gi|584091436|gb|CP004089.1|	100.00	28	0	0	2872	2899	1288617	1288590	0.081	52.8
Oe6_s03156	gi|584091436|gb|CP004089.1|	100.00	28	0	0	2872	2899	1288623	1288596	0.081	52.8
Oe6_s03156	gi|568795288|gb|CP004001.1|	100.00	28	0	0	2872	2899	195699	195672	0.081	52.8
Oe6_s03156	gi|568795288|gb|CP004001.1|	100.00	28	0	0	2872	2899	195705	195678	0.081	52.8
Oe6_s03156	gi|568795288|gb|CP004001.1|	100.00	28	0	0	2872	2899	195711	195684	0.081	52.8
Oe6_s03156	gi|568795288|gb|CP004001.1|	100.00	28	0	0	2872	2899	195717	195690	0.081	52.8
Oe6_s03156	gi|556042389|gb|CP003976.1|	100.00	28	0	0	2872	2899	2630677	2630650	0.081	52.8
Oe6_s03156	gi|556042389|gb|CP003976.1|	100.00	28	0	0	2872	2899	2630683	2630656	0.081	52.8
Oe6_s03156	gi|556042389|gb|CP003976.1|	100.00	28	0	0	2872	2899	2630689	2630662	0.081	52.8
Oe6_s03156	gi|556042389|gb|CP003976.1|	100.00	28	0	0	2872	2899	2630695	2630668	0.081	52.8
Oe6_s03156	gi|514681396|ref|XM_004988227.1|	100.00	28	0	0	2872	2899	6447	6474	0.081	52.8
Oe6_s03156	gi|444315270|ref|XM_004178245.1|	100.00	28	0	0	2872	2899	256	229	0.081	52.8
Oe6_s03156	gi|444315270|ref|XM_004178245.1|	100.00	28	0	0	2872	2899	262	235	0.081	52.8
Oe6_s03156	gi|387514525|emb|HE806322.1|	100.00	28	0	0	2871	2898	502719	502746	0.081	52.8
Oe6_s03156	gi|387510370|emb|HE806316.1|	100.00	28	0	0	2872	2899	2434441	2434414	0.081	52.8
Oe6_s03156	gi|387510370|emb|HE806316.1|	100.00	28	0	0	2872	2899	2434447	2434420	0.081	52.8
Oe6_s03156	gi|385657254|gb|CP002833.1|	100.00	28	0	0	2872	2899	1282516	1282489	0.081	52.8
Oe6_s03156	gi|385657254|gb|CP002833.1|	100.00	28	0	0	2872	2899	1282522	1282495	0.081	52.8
Oe6_s03156	gi|385657254|gb|CP002833.1|	100.00	28	0	0	2872	2899	1282528	1282501	0.081	52.8
Oe6_s03156	gi|348604918|tpg|BK008219.1|	100.00	28	0	0	2872	2899	292	265	0.081	52.8
Oe6_s03156	gi|327303525|ref|XM_003236407.1|	100.00	28	0	0	2872	2899	4	31	0.081	52.8
Oe6_s03156	gi|302496960|ref|XM_003010435.1|	100.00	28	0	0	2872	2899	382	355	0.081	52.8
Oe6_s03156	gi|225581039|gb|FJ821025.1|	100.00	28	0	0	2872	2899	60005	60032	0.081	52.8
Oe6_s03156	gi|184196655|gb|CP001045.1|	100.00	28	0	0	2872	2899	1238839	1238866	0.081	52.8
Oe6_s03156	gi|170937689|emb|CU633749.1|	100.00	28	0	0	2872	2899	1095336	1095363	0.081	52.8
Oe6_s03156	gi|126217846|gb|CP000570.1|	100.00	28	0	0	2872	2899	2449795	2449822	0.081	52.8
Oe6_s03156	gi|126217846|gb|CP000570.1|	100.00	28	0	0	2872	2899	2449801	2449828	0.081	52.8
Oe6_s03156	gi|124291339|gb|CP000546.1|	100.00	28	0	0	2872	2899	2601860	2601833	0.081	52.8
Oe6_s03156	gi|121226989|gb|CP000526.1|	100.00	28	0	0	2872	2899	740540	740513	0.081	52.8
Oe6_s03156	gi|115283258|gb|CP000441.1|	100.00	28	0	0	2872	2899	1163454	1163427	0.081	52.8
Oe6_s03156	gi|115283258|gb|CP000441.1|	100.00	28	0	0	2872	2899	1163460	1163433	0.081	52.8
Oe6_s03156	gi|115283258|gb|CP000441.1|	100.00	28	0	0	2872	2899	1163466	1163439	0.081	52.8
Oe6_s03156	gi|115283258|gb|CP000441.1|	100.00	28	0	0	2872	2899	1163472	1163445	0.081	52.8
Oe6_s03156	gi|93352797|gb|CP000352.1|	100.00	28	0	0	2872	2899	1047942	1047969	0.081	52.8
Oe6_s03156	gi|41059712|gb|AY500857.1|	100.00	28	0	0	2872	2899	372	345	0.081	52.8
Oe6_s03156	gi|72117119|gb|CP000090.1|	100.00	28	0	0	2872	2899	1084752	1084779	0.081	52.8
Oe6_s03156	gi|72117119|gb|CP000090.1|	100.00	28	0	0	2872	2899	1084758	1084785	0.081	52.8
Oe6_s03156	gi|72117119|gb|CP000090.1|	100.00	28	0	0	2872	2899	1084764	1084791	0.081	52.8
Oe6_s03156	gi|72117119|gb|CP000090.1|	100.00	28	0	0	2872	2899	1084770	1084797	0.081	52.8
Oe6_s03156	gi|83652219|gb|CP000086.1|	100.00	28	0	0	2872	2899	1694479	1694452	0.081	52.8
Oe6_s03156	gi|49647136|emb|CR382129.1|	100.00	28	0	0	2872	2899	762969	762942	0.081	52.8
Oe6_s03156	gi|5019688|gb|AF077596.1|AF077596	100.00	28	0	0	2872	2899	278	305	0.081	52.8
