Oe6_s09260	gi|13992749|gb|AC079934.3|	99.36	1245	8	0	1	1245	21345	22589	0.0	2255
Oe6_s09260	gi|13992749|gb|AC079934.3|	99.12	1245	11	0	1	1245	3098	4342	0.0	2239
Oe6_s09260	gi|13992749|gb|AC079934.3|	99.12	1245	11	0	1	1245	41077	42321	0.0	2239
Oe6_s09260	gi|13992749|gb|AC079934.3|	99.12	1245	11	0	1	1245	42853	44097	0.0	2239
Oe6_s09260	gi|13992749|gb|AC079934.3|	99.04	1245	12	0	1	1245	37517	38761	0.0	2233
Oe6_s09260	gi|13992749|gb|AC079934.3|	98.88	1245	14	0	1	1245	7955	9199	0.0	2222
Oe6_s09260	gi|13992749|gb|AC079934.3|	98.88	1245	14	0	1	1245	28004	29248	0.0	2222
Oe6_s09260	gi|13992749|gb|AC079934.3|	98.80	1245	15	0	1	1245	45570	46814	0.0	2217
Oe6_s09260	gi|13992749|gb|AC079934.3|	98.72	1246	15	1	1	1245	1321	2566	0.0	2211
Oe6_s09260	gi|13992749|gb|AC079934.3|	98.47	1245	19	0	1	1245	30248	31492	0.0	2194
Oe6_s09260	gi|13992749|gb|AC079934.3|	98.39	1245	20	0	1	1245	12854	14098	0.0	2189
Oe6_s09260	gi|13992749|gb|AC079934.3|	98.39	1245	20	0	1	1245	24920	26164	0.0	2189
Oe6_s09260	gi|13992749|gb|AC079934.3|	98.39	1244	20	0	2	1245	11040	12283	0.0	2187
Oe6_s09260	gi|13992749|gb|AC079934.3|	98.39	1245	17	1	1	1245	16444	17685	0.0	2185
Oe6_s09260	gi|13992749|gb|AC079934.3|	98.31	1245	21	0	1	1245	35741	36985	0.0	2183
Oe6_s09260	gi|13992749|gb|AC079934.3|	98.23	1245	22	0	1	1245	9731	10975	0.0	2178
Oe6_s09260	gi|13992749|gb|AC079934.3|	98.23	1245	22	0	1	1245	14629	15873	0.0	2178
Oe6_s09260	gi|13992749|gb|AC079934.3|	98.23	1245	22	0	1	1245	26228	27472	0.0	2178
Oe6_s09260	gi|13992749|gb|AC079934.3|	97.83	1245	27	0	1	1245	32491	33735	0.0	2150
Oe6_s09260	gi|13992749|gb|AC079934.3|	96.92	1265	15	4	4	1245	18220	19483	0.0	2098
Oe6_s09260	gi|13992749|gb|AC079934.3|	96.61	1268	20	1	1	1245	23589	24856	0.0	2082
Oe6_s09260	gi|13992749|gb|AC079934.3|	94.14	1263	52	10	5	1245	19551	20813	0.0	1903
Oe6_s09260	gi|13992749|gb|AC079934.3|	92.79	1248	78	10	1	1243	5342	6582	0.0	1796
Oe6_s09260	gi|13992749|gb|AC079934.3|	90.20	1265	92	18	1	1245	38825	40077	0.0	1620
Oe6_s09260	gi|13992749|gb|AC079934.3|	88.34	1209	105	23	52	1245	34022	35209	0.0	1419
Oe6_s09260	gi|13992749|gb|AC079934.3|	96.32	787	22	6	466	1245	3	789	0.0	1286
Oe6_s09260	gi|13992749|gb|AC079934.3|	81.75	1271	171	37	1	1242	44161	45399	0.0	1005
Oe6_s09260	gi|13992749|gb|AC079934.3|	81.34	1270	178	35	1	1242	44629	45867	0.0	977
Oe6_s09260	gi|13992749|gb|AC079934.3|	81.31	1268	177	37	1	1242	6551	7784	0.0	974
Oe6_s09260	gi|13992749|gb|AC079934.3|	81.33	1248	187	26	1	1231	33799	35017	0.0	972
Oe6_s09260	gi|13992749|gb|AC079934.3|	81.23	1268	178	36	1	1242	40141	41374	0.0	968
Oe6_s09260	gi|13992749|gb|AC079934.3|	81.09	1269	178	39	1	1242	29312	30545	0.0	957
Oe6_s09260	gi|13992749|gb|AC079934.3|	81.04	1266	180	37	3	1242	7021	8252	0.0	953
Oe6_s09260	gi|13992749|gb|AC079934.3|	80.92	1284	174	45	1	1239	35273	36530	0.0	948
Oe6_s09260	gi|13992749|gb|AC079934.3|	80.84	1284	174	44	1	1239	14162	15418	0.0	942
Oe6_s09260	gi|13992749|gb|AC079934.3|	80.89	1287	169	41	1	1239	27536	28793	0.0	942
Oe6_s09260	gi|13992749|gb|AC079934.3|	80.85	1269	180	40	1	1242	4406	5638	0.0	939
Oe6_s09260	gi|13992749|gb|AC079934.3|	80.48	1301	173	47	1	1243	39292	40569	0.0	920
Oe6_s09260	gi|13992749|gb|AC079934.3|	80.56	1276	178	44	1	1243	40609	41847	0.0	918
Oe6_s09260	gi|13992749|gb|AC079934.3|	80.48	1286	176	48	1	1239	2630	3887	0.0	915
Oe6_s09260	gi|13992749|gb|AC079934.3|	80.56	1281	172	41	7	1239	45108	46359	0.0	915
Oe6_s09260	gi|13992749|gb|AC079934.3|	80.44	1268	188	39	1	1242	22653	23886	0.0	913
Oe6_s09260	gi|13992749|gb|AC079934.3|	80.63	1265	172	48	1	1232	23121	24345	0.0	911
Oe6_s09260	gi|13992749|gb|AC079934.3|	80.37	1284	181	45	1	1239	29780	31037	0.0	909
Oe6_s09260	gi|13992749|gb|AC079934.3|	80.40	1286	175	39	3	1239	4876	6133	0.0	907
Oe6_s09260	gi|13992749|gb|AC079934.3|	80.36	1288	175	43	1	1239	853	2111	0.0	905
Oe6_s09260	gi|13992749|gb|AC079934.3|	80.30	1284	182	48	1	1239	7487	8744	0.0	904
Oe6_s09260	gi|13992749|gb|AC079934.3|	80.30	1284	182	43	1	1239	9263	10520	0.0	904
Oe6_s09260	gi|13992749|gb|AC079934.3|	80.34	1287	176	41	1	1239	20877	22134	0.0	904
Oe6_s09260	gi|13992749|gb|AC079934.3|	80.22	1284	183	46	1	1239	37049	38306	0.0	898
Oe6_s09260	gi|13992749|gb|AC079934.3|	80.22	1284	183	46	1	1239	42385	43642	0.0	898
Oe6_s09260	gi|13992749|gb|AC079934.3|	80.30	1269	183	45	3	1242	31558	32788	0.0	896
Oe6_s09260	gi|13992749|gb|AC079934.3|	80.37	1253	171	46	1	1231	17749	18948	0.0	881
Oe6_s09260	gi|13992749|gb|AC079934.3|	79.92	1265	178	50	1	1231	34267	35489	0.0	859
Oe6_s09260	gi|13992749|gb|AC079934.3|	79.55	1286	188	46	1	1239	32023	33280	0.0	848
Oe6_s09260	gi|13992749|gb|AC079934.3|	83.10	858	115	19	1	842	46878	47721	0.0	754
Oe6_s09260	gi|13992749|gb|AC079934.3|	98.72	391	5	0	1	391	47346	47736	0.0	695
Oe6_s09260	gi|13992749|gb|AC079934.3|	77.25	1323	191	55	1	1239	12347	13643	0.0	675
Oe6_s09260	gi|13992749|gb|AC079934.3|	77.10	1323	193	55	1	1239	15937	17233	0.0	664
Oe6_s09260	gi|13992749|gb|AC079934.3|	76.55	1258	233	37	3	1231	43545	44769	7e-177	632
Oe6_s09260	gi|13992749|gb|AC079934.3|	79.47	872	133	27	386	1232	1	851	3e-160	577
Oe6_s09260	gi|13992749|gb|AC079934.3|	75.75	1295	230	46	3	1231	26400	27676	1e-159	575
Oe6_s09260	gi|13992749|gb|AC079934.3|	75.69	1296	229	49	3	1231	9903	11179	5e-158	569
Oe6_s09260	gi|13992749|gb|AC079934.3|	75.68	1295	231	47	3	1231	41249	42525	5e-158	569
Oe6_s09260	gi|13992749|gb|AC079934.3|	75.52	1295	233	46	3	1231	21517	22793	1e-154	558
Oe6_s09260	gi|13992749|gb|AC079934.3|	75.52	1258	242	41	7	1231	43077	44301	4e-154	556
Oe6_s09260	gi|13992749|gb|AC079934.3|	75.48	1297	230	49	3	1231	45742	47018	5e-153	553
Oe6_s09260	gi|13992749|gb|AC079934.3|	75.40	1297	231	50	3	1231	13026	14302	2e-151	547
Oe6_s09260	gi|13992749|gb|AC079934.3|	75.31	1296	235	47	3	1231	1493	2770	1e-149	542
Oe6_s09260	gi|13992749|gb|AC079934.3|	75.31	1296	234	50	3	1231	3270	4546	1e-149	542
Oe6_s09260	gi|13992749|gb|AC079934.3|	75.30	1259	243	41	7	1231	32715	33939	4e-149	540
Oe6_s09260	gi|13992749|gb|AC079934.3|	75.21	1295	234	48	3	1231	16616	17889	7e-147	532
Oe6_s09260	gi|13992749|gb|AC079934.3|	76.52	1001	192	25	248	1231	19	993	4e-139	507
Oe6_s09260	gi|31072092|gb|AC144903.1|	99.12	1245	11	0	1	1245	6283	5039	0.0	2239
Oe6_s09260	gi|31072092|gb|AC144903.1|	98.71	1245	16	0	1	1245	1786	542	0.0	2211
Oe6_s09260	gi|31072092|gb|AC144903.1|	98.71	1245	16	0	1	1245	4508	3264	0.0	2211
Oe6_s09260	gi|31072092|gb|AC144903.1|	94.13	1243	69	2	1	1242	8580	7341	0.0	1888
Oe6_s09260	gi|31072092|gb|AC144903.1|	80.91	1268	182	36	1	1242	2722	1489	0.0	946
Oe6_s09260	gi|31072092|gb|AC144903.1|	80.80	1250	192	35	1	1232	9141	7922	0.0	935
Oe6_s09260	gi|31072092|gb|AC144903.1|	80.00	1285	184	47	1	1239	6751	5494	0.0	881
Oe6_s09260	gi|31072092|gb|AC144903.1|	80.03	1272	189	40	1	1242	7222	5986	0.0	881
Oe6_s09260	gi|31072092|gb|AC144903.1|	79.60	1284	191	48	1	1239	2254	997	0.0	854
Oe6_s09260	gi|31072092|gb|AC144903.1|	79.60	1284	190	47	1	1239	4975	3719	0.0	854
Oe6_s09260	gi|31072092|gb|AC144903.1|	98.54	478	7	0	1	478	478	1	0.0	845
Oe6_s09260	gi|31072092|gb|AC144903.1|	79.64	1267	186	43	1	1230	3200	1969	0.0	845
Oe6_s09260	gi|31072092|gb|AC144903.1|	76.91	1256	228	39	7	1231	7835	6611	0.0	656
Oe6_s09260	gi|31072092|gb|AC144903.1|	75.00	1260	245	43	7	1231	1562	338	2e-142	518
Oe6_s09260	gi|31072092|gb|AC144903.1|	75.06	1307	228	51	3	1231	4336	3050	2e-142	518
Oe6_s09260	gi|413965661|gb|AC253579.2|	99.12	1245	10	1	1	1245	31263	30020	0.0	2237
Oe6_s09260	gi|413965661|gb|AC253579.2|	98.63	1245	17	0	1	1245	29020	27776	0.0	2206
Oe6_s09260	gi|413965661|gb|AC253579.2|	98.31	1245	21	0	1	1245	37526	36282	0.0	2183
Oe6_s09260	gi|413965661|gb|AC253579.2|	98.23	1245	22	0	1	1245	33039	31795	0.0	2178
Oe6_s09260	gi|413965661|gb|AC253579.2|	98.23	1245	22	0	1	1245	78942	77698	0.0	2178
Oe6_s09260	gi|413965661|gb|AC253579.2|	97.99	1244	25	0	1	1244	55205	53962	0.0	2159
Oe6_s09260	gi|413965661|gb|AC253579.2|	97.83	1246	16	2	1	1245	8293	7058	0.0	2141
Oe6_s09260	gi|413965661|gb|AC253579.2|	97.83	1243	22	4	3	1245	49152	47915	0.0	2141
Oe6_s09260	gi|413965661|gb|AC253579.2|	97.51	1246	29	2	1	1245	46918	45674	0.0	2128
Oe6_s09260	gi|413965661|gb|AC253579.2|	97.59	1245	19	2	1	1245	10059	8826	0.0	2122
Oe6_s09260	gi|413965661|gb|AC253579.2|	97.43	1245	32	0	1	1245	34815	33571	0.0	2122
Oe6_s09260	gi|413965661|gb|AC253579.2|	97.51	1246	19	3	1	1245	70430	71664	0.0	2119
Oe6_s09260	gi|413965661|gb|AC253579.2|	97.35	1246	29	2	1	1245	16135	14893	0.0	2115
Oe6_s09260	gi|413965661|gb|AC253579.2|	97.19	1246	34	1	1	1245	3763	2518	0.0	2106
Oe6_s09260	gi|413965661|gb|AC253579.2|	97.19	1246	34	1	1	1245	66871	68116	0.0	2106
Oe6_s09260	gi|413965661|gb|AC253579.2|	97.62	1220	28	1	27	1245	57423	56204	0.0	2091
Oe6_s09260	gi|413965661|gb|AC253579.2|	96.71	1245	38	1	1	1245	1986	745	0.0	2069
Oe6_s09260	gi|413965661|gb|AC253579.2|	96.29	1268	24	1	1	1245	83174	81907	0.0	2060
Oe6_s09260	gi|413965661|gb|AC253579.2|	96.38	1243	44	1	3	1245	39767	38526	0.0	2045
Oe6_s09260	gi|413965661|gb|AC253579.2|	96.14	1244	42	4	1	1242	51750	50511	0.0	2026
Oe6_s09260	gi|413965661|gb|AC253579.2|	95.44	1250	47	4	2	1245	44948	43703	0.0	1984
Oe6_s09260	gi|413965661|gb|AC253579.2|	95.50	1244	50	4	1	1242	71728	72967	0.0	1982
Oe6_s09260	gi|413965661|gb|AC253579.2|	95.10	1245	53	6	1	1242	60990	62229	0.0	1954
Oe6_s09260	gi|413965661|gb|AC253579.2|	95.10	1244	55	4	1	1242	77634	76395	0.0	1954
Oe6_s09260	gi|413965661|gb|AC253579.2|	98.43	1086	17	0	1	1086	22532	21447	0.0	1912
Oe6_s09260	gi|413965661|gb|AC253579.2|	94.32	1249	59	10	7	1245	17913	16667	0.0	1903
Oe6_s09260	gi|413965661|gb|AC253579.2|	94.30	1245	64	5	1	1242	58616	59856	0.0	1899
Oe6_s09260	gi|413965661|gb|AC253579.2|	94.29	1243	64	6	3	1242	5122	3884	0.0	1895
Oe6_s09260	gi|413965661|gb|AC253579.2|	96.96	1120	31	3	127	1245	19367	18250	0.0	1877
Oe6_s09260	gi|413965661|gb|AC253579.2|	93.89	1244	73	3	1	1242	23893	22651	0.0	1873
Oe6_s09260	gi|413965661|gb|AC253579.2|	93.58	1246	55	9	1	1245	12277	11056	0.0	1834
Oe6_s09260	gi|413965661|gb|AC253579.2|	93.39	1240	72	9	12	1245	63767	65002	0.0	1827
Oe6_s09260	gi|413965661|gb|AC253579.2|	93.31	1240	67	11	1	1232	53429	52198	0.0	1816
Oe6_s09260	gi|413965661|gb|AC253579.2|	93.09	1245	68	7	3	1243	73556	74786	0.0	1807
Oe6_s09260	gi|413965661|gb|AC253579.2|	93.17	1244	56	12	1	1242	14829	13613	0.0	1799
Oe6_s09260	gi|413965661|gb|AC253579.2|	92.85	1244	60	5	1	1242	50392	49176	0.0	1777
Oe6_s09260	gi|413965661|gb|AC253579.2|	92.48	1250	81	6	3	1242	42076	40830	0.0	1775
Oe6_s09260	gi|413965661|gb|AC253579.2|	92.77	1244	59	7	1	1242	65538	66752	0.0	1770
Oe6_s09260	gi|413965661|gb|AC253579.2|	92.54	1247	71	14	1	1243	79921	78693	0.0	1768
Oe6_s09260	gi|413965661|gb|AC253579.2|	92.27	1255	73	18	1	1243	90717	89475	0.0	1759
Oe6_s09260	gi|413965661|gb|AC253579.2|	90.60	1255	96	16	1	1243	68648	69892	0.0	1644
Oe6_s09260	gi|413965661|gb|AC253579.2|	90.93	1235	89	13	17	1242	62143	63363	0.0	1639
Oe6_s09260	gi|413965661|gb|AC253579.2|	95.04	988	48	1	1	987	76276	75289	0.0	1552
Oe6_s09260	gi|413965661|gb|AC253579.2|	91.41	1141	82	10	112	1242	84814	83680	0.0	1550
Oe6_s09260	gi|413965661|gb|AC253579.2|	88.64	1224	111	20	37	1245	13551	12341	0.0	1465
Oe6_s09260	gi|413965661|gb|AC253579.2|	89.70	1146	81	11	106	1242	86187	85070	0.0	1428
Oe6_s09260	gi|413965661|gb|AC253579.2|	87.65	1255	119	23	1	1231	43171	41929	0.0	1426
Oe6_s09260	gi|413965661|gb|AC253579.2|	87.28	1266	116	30	1	1243	45610	44367	0.0	1404
Oe6_s09260	gi|413965661|gb|AC253579.2|	87.06	1260	118	26	7	1245	69131	70366	0.0	1382
Oe6_s09260	gi|413965661|gb|AC253579.2|	86.48	1257	133	22	1	1243	80906	79673	0.0	1345
Oe6_s09260	gi|413965661|gb|AC253579.2|	86.06	1255	128	30	1	1231	59975	61206	0.0	1304
Oe6_s09260	gi|413965661|gb|AC253579.2|	83.54	1264	166	28	1	1241	89506	88262	0.0	1144
Oe6_s09260	gi|413965661|gb|AC253579.2|	95.49	710	29	2	1	709	26071	26778	0.0	1131
Oe6_s09260	gi|413965661|gb|AC253579.2|	83.32	1259	165	27	1	1235	24682	25919	0.0	1120
Oe6_s09260	gi|413965661|gb|AC253579.2|	83.11	1243	171	27	3	1232	19695	20911	0.0	1096
Oe6_s09260	gi|413965661|gb|AC253579.2|	82.28	1270	166	36	7	1239	42527	41280	0.0	1044
Oe6_s09260	gi|413965661|gb|AC253579.2|	82.67	1160	166	24	100	1242	13537	12396	0.0	996
Oe6_s09260	gi|413965661|gb|AC253579.2|	81.80	1247	168	30	1	1232	88761	87559	0.0	990
Oe6_s09260	gi|413965661|gb|AC253579.2|	81.07	1305	175	39	1	1242	62296	63591	0.0	976
Oe6_s09260	gi|413965661|gb|AC253579.2|	81.45	1251	175	33	1	1219	86390	85165	0.0	972
Oe6_s09260	gi|413965661|gb|AC253579.2|	81.25	1275	172	40	4	1242	10989	9746	0.0	968
Oe6_s09260	gi|413965661|gb|AC253579.2|	81.15	1268	179	39	1	1242	35751	34518	0.0	963
Oe6_s09260	gi|413965661|gb|AC253579.2|	81.13	1261	178	40	7	1242	88308	87083	0.0	955
Oe6_s09260	gi|413965661|gb|AC253579.2|	80.96	1271	180	40	1	1242	18186	16949	0.0	950
Oe6_s09260	gi|413965661|gb|AC253579.2|	81.45	1224	168	37	3	1198	65072	66264	0.0	948
Oe6_s09260	gi|413965661|gb|AC253579.2|	80.98	1267	180	38	3	1242	81841	80609	0.0	948
Oe6_s09260	gi|413965661|gb|AC253579.2|	80.72	1271	185	35	1	1245	38462	37226	0.0	935
Oe6_s09260	gi|413965661|gb|AC253579.2|	80.67	1283	179	41	1	1239	33507	32250	0.0	931
Oe6_s09260	gi|413965661|gb|AC253579.2|	80.70	1290	171	48	1	1242	47386	46127	0.0	931
Oe6_s09260	gi|413965661|gb|AC253579.2|	80.69	1284	177	43	1	1239	55673	54416	0.0	931
Oe6_s09260	gi|413965661|gb|AC253579.2|	80.79	1260	179	39	1	1232	6061	4837	0.0	928
Oe6_s09260	gi|413965661|gb|AC253579.2|	80.61	1269	184	36	1	1242	6529	5296	0.0	924
Oe6_s09260	gi|413965661|gb|AC253579.2|	80.58	1282	173	49	1	1239	8762	7514	0.0	918
Oe6_s09260	gi|413965661|gb|AC253579.2|	80.42	1287	181	42	1	1242	35283	34023	0.0	915
Oe6_s09260	gi|413965661|gb|AC253579.2|	80.56	1276	174	47	1	1243	81374	80140	0.0	915
Oe6_s09260	gi|413965661|gb|AC253579.2|	80.41	1271	184	43	1	1243	19741	20974	0.0	907
Oe6_s09260	gi|413965661|gb|AC253579.2|	80.88	1203	186	32	1	1183	91278	90100	0.0	907
Oe6_s09260	gi|413965661|gb|AC253579.2|	80.28	1268	190	38	1	1242	29956	28723	0.0	902
Oe6_s09260	gi|413965661|gb|AC253579.2|	80.31	1290	175	47	1	1243	58106	56849	0.0	902
Oe6_s09260	gi|413965661|gb|AC253579.2|	80.19	1287	184	44	1	1242	37994	36734	0.0	898
Oe6_s09260	gi|413965661|gb|AC253579.2|	80.33	1281	174	45	1	1231	43639	42387	0.0	898
Oe6_s09260	gi|413965661|gb|AC253579.2|	80.24	1275	184	42	1	1242	40711	39472	0.0	896
Oe6_s09260	gi|413965661|gb|AC253579.2|	80.20	1288	177	47	1	1239	5593	4335	0.0	894
Oe6_s09260	gi|413965661|gb|AC253579.2|	80.05	1288	184	43	1	1242	52218	50958	0.0	887
Oe6_s09260	gi|413965661|gb|AC253579.2|	80.11	1287	179	52	1	1239	53897	52640	0.0	887
Oe6_s09260	gi|413965661|gb|AC253579.2|	80.06	1269	188	39	1	1242	6994	5764	0.0	881
Oe6_s09260	gi|413965661|gb|AC253579.2|	79.98	1289	177	49	1	1239	2454	1197	0.0	876
Oe6_s09260	gi|413965661|gb|AC253579.2|	79.91	1284	186	46	1	1239	31731	30475	0.0	876
Oe6_s09260	gi|413965661|gb|AC253579.2|	79.88	1287	182	45	1	1239	16603	15346	0.0	870
Oe6_s09260	gi|413965661|gb|AC253579.2|	80.91	1168	165	34	107	1245	59788	60926	0.0	869
Oe6_s09260	gi|413965661|gb|AC253579.2|	79.81	1268	193	38	1	1242	47851	46621	0.0	865
Oe6_s09260	gi|413965661|gb|AC253579.2|	79.72	1277	188	43	1	1239	10524	9281	0.0	857
Oe6_s09260	gi|413965661|gb|AC253579.2|	79.55	1286	190	43	1	1239	68180	69439	0.0	850
Oe6_s09260	gi|413965661|gb|AC253579.2|	79.56	1287	184	41	3	1239	40238	38981	0.0	846
Oe6_s09260	gi|413965661|gb|AC253579.2|	83.44	948	118	21	1	926	27712	26782	0.0	845
Oe6_s09260	gi|413965661|gb|AC253579.2|	79.26	1278	199	44	1	1232	87999	86742	0.0	832
Oe6_s09260	gi|413965661|gb|AC253579.2|	79.12	1298	199	39	1	1243	73086	74366	0.0	830
Oe6_s09260	gi|413965661|gb|AC253579.2|	79.08	1262	222	27	7	1243	86953	85709	0.0	830
Oe6_s09260	gi|413965661|gb|AC253579.2|	93.83	551	33	1	1	550	74755	75305	0.0	828
Oe6_s09260	gi|413965661|gb|AC253579.2|	79.66	1224	180	42	1	1203	25603	26778	0.0	817
Oe6_s09260	gi|413965661|gb|AC253579.2|	77.86	1283	211	45	3	1242	87033	85781	0.0	728
Oe6_s09260	gi|413965661|gb|AC253579.2|	77.66	1271	214	47	6	1226	25233	26483	0.0	710
Oe6_s09260	gi|413965661|gb|AC253579.2|	85.86	665	74	13	1	655	681	27	0.0	689
Oe6_s09260	gi|413965661|gb|AC253579.2|	94.61	427	23	0	1	427	21014	21440	0.0	662
Oe6_s09260	gi|413965661|gb|AC253579.2|	77.06	1264	210	51	1	1231	57612	56396	0.0	654
Oe6_s09260	gi|413965661|gb|AC253579.2|	77.05	1259	212	47	6	1231	36357	35143	0.0	652
Oe6_s09260	gi|413965661|gb|AC253579.2|	76.47	1258	223	43	6	1231	81982	80766	7e-172	616
Oe6_s09260	gi|413965661|gb|AC253579.2|	77.00	1187	201	41	1	1144	20235	21392	2e-171	614
Oe6_s09260	gi|413965661|gb|AC253579.2|	76.23	1279	233	42	2	1231	69315	70571	9e-171	612
Oe6_s09260	gi|413965661|gb|AC253579.2|	76.23	1258	238	33	3	1231	82459	81234	3e-170	610
Oe6_s09260	gi|413965661|gb|AC253579.2|	76.13	1257	240	32	3	1231	39078	37854	1e-168	604
Oe6_s09260	gi|413965661|gb|AC253579.2|	76.21	1265	225	50	3	1232	68085	69308	7e-167	599
Oe6_s09260	gi|413965661|gb|AC253579.2|	76.09	1263	230	44	7	1231	63982	65210	3e-165	593
Oe6_s09260	gi|413965661|gb|AC253579.2|	76.18	1251	224	41	13	1231	6661	5453	1e-164	592
Oe6_s09260	gi|413965661|gb|AC253579.2|	89.72	467	43	4	1	466	27244	26782	1e-164	592
Oe6_s09260	gi|413965661|gb|AC253579.2|	76.32	1246	214	42	1	1190	87557	86337	1e-164	592
Oe6_s09260	gi|413965661|gb|AC253579.2|	75.89	1257	243	34	3	1231	28328	27104	1e-163	588
Oe6_s09260	gi|413965661|gb|AC253579.2|	76.00	1279	220	48	20	1231	39580	38322	2e-161	580
Oe6_s09260	gi|413965661|gb|AC253579.2|	75.74	1257	245	32	3	1231	17219	15995	3e-160	577
Oe6_s09260	gi|413965661|gb|AC253579.2|	75.72	1256	245	32	3	1231	7611	6389	1e-159	575
Oe6_s09260	gi|413965661|gb|AC253579.2|	75.73	1294	231	44	3	1231	31091	29816	4e-159	573
Oe6_s09260	gi|413965661|gb|AC253579.2|	75.73	1294	231	45	3	1231	48986	47711	4e-159	573
Oe6_s09260	gi|413965661|gb|AC253579.2|	75.65	1298	226	56	3	1231	55033	53757	2e-156	564
Oe6_s09260	gi|413965661|gb|AC253579.2|	75.67	1299	224	60	3	1231	57277	56001	2e-156	564
Oe6_s09260	gi|413965661|gb|AC253579.2|	75.60	1295	232	46	3	1231	78770	77494	2e-156	564
Oe6_s09260	gi|413965661|gb|AC253579.2|	75.71	1260	226	47	6	1231	7134	5921	1e-154	558
Oe6_s09260	gi|413965661|gb|AC253579.2|	75.60	1291	227	49	9	1231	19316	18046	1e-154	558
Oe6_s09260	gi|413965661|gb|AC253579.2|	75.54	1259	240	41	7	1231	34591	33367	4e-154	556
Oe6_s09260	gi|413965661|gb|AC253579.2|	75.48	1293	228	49	7	1231	37350	36079	7e-152	549
Oe6_s09260	gi|413965661|gb|AC253579.2|	75.44	1262	230	48	3	1231	80016	78802	4e-149	540
Oe6_s09260	gi|413965661|gb|AC253579.2|	75.30	1259	240	43	7	1231	1762	541	5e-148	536
Oe6_s09260	gi|413965661|gb|AC253579.2|	75.28	1250	241	42	17	1231	8069	6853	2e-147	534
Oe6_s09260	gi|413965661|gb|AC253579.2|	75.26	1249	241	42	17	1231	9835	8621	7e-147	532
Oe6_s09260	gi|413965661|gb|AC253579.2|	75.12	1298	234	51	3	1231	46746	45469	1e-144	525
Oe6_s09260	gi|413965661|gb|AC253579.2|	75.06	1295	238	54	3	1231	17738	16463	4e-144	523
Oe6_s09260	gi|413965661|gb|AC253579.2|	74.75	1275	234	56	3	1231	23624	22392	4e-134	490
Oe6_s09260	gi|413965661|gb|AC253579.2|	98.57	210	3	0	4	213	210	1	2e-98	372
Oe6_s09260	gi|15789230|gb|AC022370.28|	95.34	1244	52	4	1	1242	170262	169023	0.0	1971
Oe6_s09260	gi|15789230|gb|AC022370.28|	95.02	1244	56	4	1	1242	178803	177564	0.0	1949
Oe6_s09260	gi|15789230|gb|AC022370.28|	94.94	1244	57	4	1	1242	161789	160550	0.0	1943
Oe6_s09260	gi|15789230|gb|AC022370.28|	94.69	1244	59	5	1	1242	172087	170849	0.0	1925
Oe6_s09260	gi|15789230|gb|AC022370.28|	94.13	1244	66	5	1	1242	167841	166603	0.0	1886
Oe6_s09260	gi|15789230|gb|AC022370.28|	93.81	1244	61	5	1	1242	175076	173847	0.0	1857
Oe6_s09260	gi|15789230|gb|AC022370.28|	92.05	1270	65	19	1	1242	152611	151350	0.0	1753
Oe6_s09260	gi|15789230|gb|AC022370.28|	89.62	1253	95	15	2	1242	156785	155556	0.0	1561
Oe6_s09260	gi|15789230|gb|AC022370.28|	88.67	1253	107	24	3	1242	151173	149943	0.0	1495
Oe6_s09260	gi|15789230|gb|AC022370.28|	87.59	1233	118	20	28	1242	176878	175663	0.0	1397
Oe6_s09260	gi|15789230|gb|AC022370.28|	86.78	1256	120	29	17	1242	163615	162376	0.0	1358
Oe6_s09260	gi|15789230|gb|AC022370.28|	86.50	1259	118	36	17	1242	159249	158010	0.0	1336
Oe6_s09260	gi|15789230|gb|AC022370.28|	86.34	1230	138	18	28	1242	154412	153198	0.0	1314
Oe6_s09260	gi|15789230|gb|AC022370.28|	85.16	1267	141	24	1	1243	176977	175734	0.0	1254
Oe6_s09260	gi|15789230|gb|AC022370.28|	84.46	1274	135	41	1	1232	168436	167184	0.0	1197
Oe6_s09260	gi|15789230|gb|AC022370.28|	84.38	1274	136	41	1	1232	172682	171430	0.0	1192
Oe6_s09260	gi|15789230|gb|AC022370.28|	83.89	1266	159	26	1	1243	157522	156279	0.0	1166
Oe6_s09260	gi|15789230|gb|AC022370.28|	83.82	1267	157	26	1	1243	154511	153269	0.0	1160
Oe6_s09260	gi|15789230|gb|AC022370.28|	83.87	1265	150	36	1	1232	166016	164773	0.0	1157
Oe6_s09260	gi|15789230|gb|AC022370.28|	83.37	1257	163	27	1	1239	164054	162826	0.0	1122
Oe6_s09260	gi|15789230|gb|AC022370.28|	83.23	1258	163	28	1	1239	159688	158460	0.0	1110
Oe6_s09260	gi|15789230|gb|AC022370.28|	82.47	1261	165	41	1	1242	165421	164198	0.0	1053
Oe6_s09260	gi|15789230|gb|AC022370.28|	81.60	1272	188	28	3	1243	157451	156195	0.0	1011
Oe6_s09260	gi|15789230|gb|AC022370.28|	80.87	1260	183	38	1	1245	151104	149888	0.0	939
Oe6_s09260	gi|15789230|gb|AC022370.28|	80.78	1275	177	44	1	1243	177445	176207	0.0	935
Oe6_s09260	gi|15789230|gb|AC022370.28|	80.50	1272	178	45	1	1243	163433	162203	0.0	911
Oe6_s09260	gi|15789230|gb|AC022370.28|	80.50	1272	176	47	1	1242	159067	157838	0.0	909
Oe6_s09260	gi|15789230|gb|AC022370.28|	80.38	1249	182	36	1	1231	168904	167701	0.0	891
Oe6_s09260	gi|15789230|gb|AC022370.28|	80.35	1247	182	36	3	1231	173148	171947	0.0	887
Oe6_s09260	gi|15789230|gb|AC022370.28|	79.73	1278	190	43	1	1239	175544	174297	0.0	861
Oe6_s09260	gi|15789230|gb|AC022370.28|	79.71	1247	194	35	1	1231	166484	165281	0.0	846
Oe6_s09260	gi|15789230|gb|AC022370.28|	79.37	1260	197	41	1	1232	153079	151855	0.0	828
Oe6_s09260	gi|15789230|gb|AC022370.28|	79.40	1267	190	44	3	1242	174515	173293	0.0	828
Oe6_s09260	gi|15789230|gb|AC022370.28|	79.24	1257	206	35	1	1231	160154	158927	0.0	824
Oe6_s09260	gi|15789230|gb|AC022370.28|	78.98	1280	197	48	3	1242	161520	160273	0.0	808
Oe6_s09260	gi|15789230|gb|AC022370.28|	79.03	1273	192	40	1	1243	154969	153742	0.0	802
Oe6_s09260	gi|15789230|gb|AC022370.28|	78.52	1280	203	47	3	1242	174817	173570	0.0	774
Oe6_s09260	gi|15789230|gb|AC022370.28|	79.11	1192	177	38	106	1242	165813	164639	0.0	756
Oe6_s09260	gi|15789230|gb|AC022370.28|	76.49	1276	199	59	3	1242	177150	175940	2e-167	601
Oe6_s09260	gi|15789230|gb|AC022370.28|	79.46	891	117	39	386	1232	179013	178145	1e-158	571
Oe6_s09260	gi|15789230|gb|AC022370.28|	75.12	1222	206	63	87	1242	171648	170459	7e-132	483
Oe6_s09260	gi|15789230|gb|AC022370.28|	87.56	394	49	0	1	394	149356	148963	4e-124	457
Oe6_s09260	gi|15789230|gb|AC022370.28|	78.56	485	79	17	4	479	149424	148956	1e-75	296
Oe6_s09260	gi|36796635|emb|BX649480.3|	95.34	1244	52	4	1	1242	170260	169021	0.0	1971
Oe6_s09260	gi|36796635|emb|BX649480.3|	95.02	1244	56	4	1	1242	178801	177562	0.0	1949
Oe6_s09260	gi|36796635|emb|BX649480.3|	95.02	1244	56	4	1	1242	181222	179983	0.0	1949
Oe6_s09260	gi|36796635|emb|BX649480.3|	94.94	1244	57	4	1	1242	161787	160548	0.0	1943
Oe6_s09260	gi|36796635|emb|BX649480.3|	94.69	1244	59	5	1	1242	172085	170847	0.0	1925
Oe6_s09260	gi|36796635|emb|BX649480.3|	94.13	1244	66	5	1	1242	167839	166601	0.0	1886
Oe6_s09260	gi|36796635|emb|BX649480.3|	93.81	1244	61	5	1	1242	175074	173845	0.0	1857
Oe6_s09260	gi|36796635|emb|BX649480.3|	92.05	1270	65	19	1	1242	152609	151348	0.0	1753
Oe6_s09260	gi|36796635|emb|BX649480.3|	89.62	1253	95	15	2	1242	156783	155554	0.0	1561
Oe6_s09260	gi|36796635|emb|BX649480.3|	88.67	1253	107	24	3	1242	151171	149941	0.0	1495
Oe6_s09260	gi|36796635|emb|BX649480.3|	87.59	1233	118	20	28	1242	176876	175661	0.0	1397
Oe6_s09260	gi|36796635|emb|BX649480.3|	86.78	1256	120	29	17	1242	163613	162374	0.0	1358
Oe6_s09260	gi|36796635|emb|BX649480.3|	86.50	1259	118	36	17	1242	159247	158008	0.0	1336
Oe6_s09260	gi|36796635|emb|BX649480.3|	86.34	1230	138	18	28	1242	154410	153196	0.0	1314
Oe6_s09260	gi|36796635|emb|BX649480.3|	85.16	1267	141	24	1	1243	176975	175732	0.0	1254
Oe6_s09260	gi|36796635|emb|BX649480.3|	84.46	1274	135	41	1	1232	168434	167182	0.0	1197
Oe6_s09260	gi|36796635|emb|BX649480.3|	84.38	1274	136	41	1	1232	172680	171428	0.0	1192
Oe6_s09260	gi|36796635|emb|BX649480.3|	84.33	1276	134	39	1	1232	179396	178143	0.0	1188
Oe6_s09260	gi|36796635|emb|BX649480.3|	83.89	1266	159	26	1	1243	157520	156277	0.0	1166
Oe6_s09260	gi|36796635|emb|BX649480.3|	83.82	1267	157	26	1	1243	154509	153267	0.0	1160
Oe6_s09260	gi|36796635|emb|BX649480.3|	83.87	1265	150	36	1	1232	166014	164771	0.0	1157
Oe6_s09260	gi|36796635|emb|BX649480.3|	83.37	1257	163	27	1	1239	164052	162824	0.0	1122
Oe6_s09260	gi|36796635|emb|BX649480.3|	83.23	1258	163	28	1	1239	159686	158458	0.0	1110
Oe6_s09260	gi|36796635|emb|BX649480.3|	82.47	1261	165	41	1	1242	165419	164196	0.0	1053
Oe6_s09260	gi|36796635|emb|BX649480.3|	81.60	1272	188	28	3	1243	157449	156193	0.0	1011
Oe6_s09260	gi|36796635|emb|BX649480.3|	81.02	1275	174	44	1	1243	177443	176205	0.0	952
Oe6_s09260	gi|36796635|emb|BX649480.3|	80.87	1260	183	38	1	1245	151102	149886	0.0	939
Oe6_s09260	gi|36796635|emb|BX649480.3|	80.50	1272	178	45	1	1243	163431	162201	0.0	911
Oe6_s09260	gi|36796635|emb|BX649480.3|	80.50	1272	176	47	1	1242	159065	157836	0.0	909
Oe6_s09260	gi|36796635|emb|BX649480.3|	80.38	1249	182	36	1	1231	168902	167699	0.0	891
Oe6_s09260	gi|36796635|emb|BX649480.3|	80.35	1247	182	36	3	1231	173146	171945	0.0	887
Oe6_s09260	gi|36796635|emb|BX649480.3|	79.73	1278	190	43	1	1239	175542	174295	0.0	861
Oe6_s09260	gi|36796635|emb|BX649480.3|	79.87	1247	192	36	1	1231	179864	178661	0.0	857
Oe6_s09260	gi|36796635|emb|BX649480.3|	79.71	1247	194	35	1	1231	166482	165279	0.0	846
Oe6_s09260	gi|36796635|emb|BX649480.3|	79.37	1260	197	41	1	1232	153077	151853	0.0	828
Oe6_s09260	gi|36796635|emb|BX649480.3|	79.40	1267	190	44	3	1242	174513	173291	0.0	828
Oe6_s09260	gi|36796635|emb|BX649480.3|	79.24	1257	206	35	1	1231	160152	158925	0.0	824
Oe6_s09260	gi|36796635|emb|BX649480.3|	78.98	1280	197	48	3	1242	161518	160271	0.0	808
Oe6_s09260	gi|36796635|emb|BX649480.3|	79.03	1273	192	40	1	1243	154967	153740	0.0	802
Oe6_s09260	gi|36796635|emb|BX649480.3|	78.52	1280	203	47	3	1242	174815	173568	0.0	774
Oe6_s09260	gi|36796635|emb|BX649480.3|	79.11	1192	177	38	106	1242	165811	164637	0.0	756
Oe6_s09260	gi|36796635|emb|BX649480.3|	76.49	1276	199	59	3	1242	177148	175938	2e-167	601
Oe6_s09260	gi|36796635|emb|BX649480.3|	79.46	891	117	39	386	1232	181432	180564	1e-158	571
Oe6_s09260	gi|36796635|emb|BX649480.3|	75.12	1222	206	63	87	1242	171646	170457	7e-132	483
Oe6_s09260	gi|36796635|emb|BX649480.3|	87.56	394	49	0	1	394	149354	148961	4e-124	457
Oe6_s09260	gi|36796635|emb|BX649480.3|	78.56	485	79	17	4	479	149422	148954	1e-75	296
Oe6_s09260	gi|284391881|emb|FP565794.2|	94.77	1244	59	4	1	1242	19736	18497	0.0	1932
Oe6_s09260	gi|284391881|emb|FP565794.2|	94.61	1244	61	4	1	1242	8375	7136	0.0	1921
Oe6_s09260	gi|284391881|emb|FP565794.2|	94.61	1244	61	4	1	1242	14301	13062	0.0	1921
Oe6_s09260	gi|284391881|emb|FP565794.2|	93.89	1244	60	5	1	1242	10659	9430	0.0	1862
Oe6_s09260	gi|284391881|emb|FP565794.2|	93.92	1233	69	5	12	1242	36712	35484	0.0	1857
Oe6_s09260	gi|284391881|emb|FP565794.2|	93.73	1244	62	5	1	1242	6549	5320	0.0	1851
Oe6_s09260	gi|284391881|emb|FP565794.2|	93.73	1244	62	5	1	1242	12475	11246	0.0	1851
Oe6_s09260	gi|284391881|emb|FP565794.2|	93.73	1244	62	5	1	1242	16117	14888	0.0	1851
Oe6_s09260	gi|284391881|emb|FP565794.2|	93.66	1231	61	6	1	1229	25553	24338	0.0	1825
Oe6_s09260	gi|284391881|emb|FP565794.2|	93.33	1244	67	5	1	1242	2940	1711	0.0	1823
Oe6_s09260	gi|284391881|emb|FP565794.2|	95.72	1122	47	1	1	1121	1124	3	0.0	1805
Oe6_s09260	gi|284391881|emb|FP565794.2|	91.84	1275	67	14	1	1242	35365	34095	0.0	1744
Oe6_s09260	gi|284391881|emb|FP565794.2|	92.12	1244	59	10	1	1242	4733	3527	0.0	1718
Oe6_s09260	gi|284391881|emb|FP565794.2|	91.80	1244	63	10	1	1242	17910	16704	0.0	1696
Oe6_s09260	gi|284391881|emb|FP565794.2|	91.25	1086	82	8	100	1178	23056	21977	0.0	1467
Oe6_s09260	gi|284391881|emb|FP565794.2|	88.21	1238	93	23	1	1231	33976	32785	0.0	1428
Oe6_s09260	gi|284391881|emb|FP565794.2|	86.98	1229	132	15	28	1242	31586	30372	0.0	1358
Oe6_s09260	gi|284391881|emb|FP565794.2|	87.04	1196	137	12	52	1241	29688	28505	0.0	1334
Oe6_s09260	gi|284391881|emb|FP565794.2|	86.19	1231	139	18	28	1242	21538	20323	0.0	1303
Oe6_s09260	gi|284391881|emb|FP565794.2|	86.03	1231	139	19	28	1242	27818	26605	0.0	1290
Oe6_s09260	gi|284391881|emb|FP565794.2|	85.92	1243	122	32	6	1242	33451	32256	0.0	1277
Oe6_s09260	gi|284391881|emb|FP565794.2|	84.89	1251	143	28	1	1230	23749	22524	0.0	1221
Oe6_s09260	gi|284391881|emb|FP565794.2|	84.44	1253	149	26	1	1230	31685	30456	0.0	1192
Oe6_s09260	gi|284391881|emb|FP565794.2|	83.66	1267	160	24	1	1243	21637	20394	0.0	1149
Oe6_s09260	gi|284391881|emb|FP565794.2|	83.49	1254	158	29	1	1230	27917	26689	0.0	1123
Oe6_s09260	gi|284391881|emb|FP565794.2|	83.06	1263	166	31	1	1242	29788	28553	0.0	1103
Oe6_s09260	gi|284391881|emb|FP565794.2|	80.36	1278	182	38	1	1239	7017	5770	0.0	905
Oe6_s09260	gi|284391881|emb|FP565794.2|	80.36	1278	182	38	1	1239	11127	9880	0.0	905
Oe6_s09260	gi|284391881|emb|FP565794.2|	80.25	1286	179	45	1	1239	1592	335	0.0	898
Oe6_s09260	gi|284391881|emb|FP565794.2|	80.17	1276	188	37	1	1239	12943	11696	0.0	894
Oe6_s09260	gi|284391881|emb|FP565794.2|	80.17	1276	188	38	1	1239	16585	15338	0.0	894
Oe6_s09260	gi|284391881|emb|FP565794.2|	80.03	1267	195	34	1	1242	9311	8078	0.0	885
Oe6_s09260	gi|284391881|emb|FP565794.2|	79.97	1293	181	47	1	1243	5201	3937	0.0	881
Oe6_s09260	gi|284391881|emb|FP565794.2|	79.89	1288	180	47	1	1239	20204	18947	0.0	870
Oe6_s09260	gi|284391881|emb|FP565794.2|	79.81	1288	181	48	1	1239	14769	13512	0.0	865
Oe6_s09260	gi|284391881|emb|FP565794.2|	79.70	1276	194	36	1	1239	3408	2161	0.0	861
Oe6_s09260	gi|284391881|emb|FP565794.2|	79.72	1267	196	36	1	1242	26486	25256	0.0	859
Oe6_s09260	gi|284391881|emb|FP565794.2|	79.64	1287	185	47	1	1239	8843	7586	0.0	854
Oe6_s09260	gi|284391881|emb|FP565794.2|	79.46	1305	178	54	1	1243	26021	24745	0.0	843
Oe6_s09260	gi|284391881|emb|FP565794.2|	79.09	1258	199	38	1	1231	30253	29033	0.0	808
Oe6_s09260	gi|284391881|emb|FP565794.2|	75.33	1285	223	60	3	1242	1397	162	3e-146	531
Oe6_s09260	gi|284391881|emb|FP565794.2|	75.08	1272	228	50	20	1242	16396	15165	3e-140	510
Oe6_s09260	gi|284391881|emb|FP565794.2|	74.94	1281	232	50	11	1242	6837	5597	2e-138	505
Oe6_s09260	gi|284391881|emb|FP565794.2|	75.12	1266	217	54	20	1243	12754	11545	5e-138	503
Oe6_s09260	gi|284391881|emb|FP565794.2|	74.76	1272	232	51	20	1242	3219	1988	2e-133	488
Oe6_s09260	gi|23268261|gb|AC129782.3|	94.37	1244	54	5	1	1242	3883	5112	0.0	1895
Oe6_s09260	gi|23268261|gb|AC129782.3|	94.37	1244	51	6	1	1242	12811	14037	0.0	1892
Oe6_s09260	gi|23268261|gb|AC129782.3|	93.97	1244	56	6	1	1242	8018	9244	0.0	1864
Oe6_s09260	gi|23268261|gb|AC129782.3|	93.65	1244	63	5	1	1242	10082	11311	0.0	1845
Oe6_s09260	gi|23268261|gb|AC129782.3|	93.89	1194	53	7	1	1190	16555	17732	0.0	1783
Oe6_s09260	gi|23268261|gb|AC129782.3|	91.73	1270	73	11	1	1242	2499	3764	0.0	1735
Oe6_s09260	gi|23268261|gb|AC129782.3|	94.79	1036	38	5	209	1242	2	1023	0.0	1600
Oe6_s09260	gi|23268261|gb|AC129782.3|	88.58	1278	98	22	1	1242	1116	2381	0.0	1507
Oe6_s09260	gi|23268261|gb|AC129782.3|	85.82	1255	149	18	3	1242	6659	7899	0.0	1304
Oe6_s09260	gi|23268261|gb|AC129782.3|	85.54	1252	158	14	3	1242	11452	12692	0.0	1288
Oe6_s09260	gi|23268261|gb|AC129782.3|	85.54	1252	158	14	3	1242	15196	16436	0.0	1288
Oe6_s09260	gi|23268261|gb|AC129782.3|	85.38	1245	161	12	3	1236	5253	6487	0.0	1271
Oe6_s09260	gi|23268261|gb|AC129782.3|	84.44	1253	151	28	1	1232	6611	7840	0.0	1194
Oe6_s09260	gi|23268261|gb|AC129782.3|	84.24	1263	155	28	1	1242	5205	6444	0.0	1190
Oe6_s09260	gi|23268261|gb|AC129782.3|	84.09	1263	157	28	1	1242	11404	12643	0.0	1179
Oe6_s09260	gi|23268261|gb|AC129782.3|	84.09	1263	157	28	1	1242	15148	16387	0.0	1179
Oe6_s09260	gi|23268261|gb|AC129782.3|	83.74	1261	149	36	1	1231	14130	15364	0.0	1142
Oe6_s09260	gi|23268261|gb|AC129782.3|	80.77	1274	192	34	1	1243	9337	10588	0.0	946
Oe6_s09260	gi|23268261|gb|AC129782.3|	79.83	1269	191	40	7	1242	8753	9989	0.0	865
Oe6_s09260	gi|23268261|gb|AC129782.3|	78.71	1273	198	44	9	1242	13817	15055	0.0	782
Oe6_s09260	gi|23268261|gb|AC129782.3|	76.58	1281	215	54	9	1243	18349	19590	1e-174	625
Oe6_s09260	gi|23268261|gb|AC129782.3|	75.58	1200	200	56	87	1242	8458	9608	4e-139	507
Oe6_s09260	gi|30230917|emb|BX322613.6|	93.97	1244	66	5	1	1242	36620	35384	0.0	1873
Oe6_s09260	gi|30230917|emb|BX322613.6|	93.97	1244	65	6	1	1242	41696	40461	0.0	1873
Oe6_s09260	gi|30230917|emb|BX322613.6|	93.90	1245	69	5	1	1242	38447	37207	0.0	1871
Oe6_s09260	gi|30230917|emb|BX322613.6|	93.74	1247	69	5	1	1242	32607	31365	0.0	1862
Oe6_s09260	gi|30230917|emb|BX322613.6|	93.33	1260	61	6	1	1242	31067	29813	0.0	1840
Oe6_s09260	gi|30230917|emb|BX322613.6|	87.88	1246	106	18	1	1243	34797	33594	0.0	1423
Oe6_s09260	gi|30230917|emb|BX322613.6|	85.46	1252	141	27	7	1242	39766	38540	0.0	1266
Oe6_s09260	gi|30230917|emb|BX322613.6|	90.94	949	45	16	2	934	29228	28305	0.0	1238
Oe6_s09260	gi|30230917|emb|BX322613.6|	82.35	1156	148	33	100	1236	34321	33203	0.0	953
Oe6_s09260	gi|30230917|emb|BX322613.6|	80.54	1259	196	32	1	1242	39548	38322	0.0	922
Oe6_s09260	gi|30230917|emb|BX322613.6|	80.78	1176	177	31	87	1241	41257	40110	0.0	874
Oe6_s09260	gi|30230917|emb|BX322613.6|	79.44	1279	193	40	1	1243	33078	31834	0.0	841
Oe6_s09260	gi|30230917|emb|BX322613.6|	79.14	1256	215	30	1	1242	39990	38768	0.0	824
Oe6_s09260	gi|30230917|emb|BX322613.6|	93.09	550	32	4	695	1242	42360	41815	0.0	800
Oe6_s09260	gi|30230917|emb|BX322613.6|	77.17	1266	214	36	1	1243	33743	32530	0.0	667
Oe6_s09260	gi|28394386|gb|AC026131.4|	93.97	1244	65	6	1	1242	101981	103216	0.0	1873
Oe6_s09260	gi|28394386|gb|AC026131.4|	93.97	1244	66	5	1	1242	107057	108293	0.0	1873
Oe6_s09260	gi|28394386|gb|AC026131.4|	93.90	1245	69	5	1	1242	105230	106470	0.0	1871
Oe6_s09260	gi|28394386|gb|AC026131.4|	93.74	1247	69	5	1	1242	111070	112312	0.0	1862
Oe6_s09260	gi|28394386|gb|AC026131.4|	93.33	1260	61	6	1	1242	112610	113864	0.0	1840
Oe6_s09260	gi|28394386|gb|AC026131.4|	87.88	1246	106	18	1	1243	108880	110083	0.0	1423
Oe6_s09260	gi|28394386|gb|AC026131.4|	85.46	1252	141	27	7	1242	103911	105137	0.0	1266
Oe6_s09260	gi|28394386|gb|AC026131.4|	90.94	949	45	16	2	934	114449	115372	0.0	1238
Oe6_s09260	gi|28394386|gb|AC026131.4|	82.35	1156	148	33	100	1236	109356	110474	0.0	953
Oe6_s09260	gi|28394386|gb|AC026131.4|	80.54	1259	196	32	1	1242	104129	105355	0.0	922
Oe6_s09260	gi|28394386|gb|AC026131.4|	80.78	1176	177	31	87	1241	102420	103567	0.0	874
Oe6_s09260	gi|28394386|gb|AC026131.4|	79.44	1279	193	41	1	1243	110599	111843	0.0	841
Oe6_s09260	gi|28394386|gb|AC026131.4|	79.14	1256	215	30	1	1242	103687	104909	0.0	824
Oe6_s09260	gi|28394386|gb|AC026131.4|	93.09	550	32	4	695	1242	101317	101862	0.0	800
Oe6_s09260	gi|28394386|gb|AC026131.4|	77.17	1266	214	36	1	1243	109934	111147	0.0	667
Oe6_s09260	gi|29501021|emb|AL031601.4|	93.76	1233	71	5	12	1242	1738	510	0.0	1845
Oe6_s09260	gi|29501021|emb|AL031601.4|	84.66	1271	147	32	3	1242	3139	1886	0.0	1223
Oe6_s09260	gi|29501021|emb|AL031601.4|	81.74	1276	171	37	3	1241	4655	3405	0.0	1009
Oe6_s09260	gi|29501021|emb|AL031601.4|	80.76	1242	189	28	1	1226	3285	2078	0.0	924
Oe6_s09260	gi|29501021|emb|AL031601.4|	94.88	391	20	0	1	391	391	1	9e-171	612
Oe6_s09260	gi|29501021|emb|AL031601.4|	75.31	1296	189	72	3	1242	68050	66830	7e-137	499
Oe6_s09260	gi|29501021|emb|AL031601.4|	77.57	767	101	35	489	1232	70921	70203	3e-106	398
Oe6_s09260	gi|45708446|gb|BC018500.1|	99.43	884	5	0	1	884	313	1196	0.0	1605
Oe6_s09260	gi|1220362|gb|L12216.1|HUMSATIIX	85.92	1200	99	35	1	1145	1185	1	0.0	1216
Oe6_s09260	gi|1220362|gb|L12216.1|HUMSATIIX	86.97	737	59	23	1	721	720	5	0.0	795
Oe6_s09260	gi|1220362|gb|L12216.1|HUMSATIIX	78.06	310	53	10	925	1231	1342	1045	3e-41	182
Oe6_s09260	gi|23130721|gb|AC127380.4|	83.68	1256	144	26	1	1242	47959	49167	0.0	1127
Oe6_s09260	gi|23130721|gb|AC127380.4|	79.76	1265	193	35	7	1242	46610	47840	0.0	859
Oe6_s09260	gi|23130721|gb|AC127380.4|	79.65	1214	162	50	62	1232	46333	47504	0.0	795
Oe6_s09260	gi|23130721|gb|AC127380.4|	78.14	1272	213	40	3	1245	47388	48623	0.0	749
Oe6_s09260	gi|23130721|gb|AC127380.4|	77.23	1269	200	56	7	1240	65248	66462	0.0	660
Oe6_s09260	gi|23130721|gb|AC127380.4|	76.80	1293	227	40	3	1242	72259	73531	0.0	658
Oe6_s09260	gi|23130721|gb|AC127380.4|	76.89	1229	202	47	62	1242	57167	58361	1e-173	621
Oe6_s09260	gi|23130721|gb|AC127380.4|	76.02	1255	229	38	12	1239	57911	59120	2e-162	584
Oe6_s09260	gi|23130721|gb|AC127380.4|	77.45	1100	168	40	3	1076	63834	64879	2e-162	584
Oe6_s09260	gi|23130721|gb|AC127380.4|	76.06	1278	215	56	3	1242	61493	62717	2e-161	580
Oe6_s09260	gi|23130721|gb|AC127380.4|	75.74	1315	204	66	7	1243	58141	59418	1e-153	555
Oe6_s09260	gi|23130721|gb|AC127380.4|	75.36	1234	213	49	3	1197	79075	80256	3e-140	510
Oe6_s09260	gi|23130721|gb|AC127380.4|	74.68	1311	220	72	3	1243	79346	80614	9e-131	479
Oe6_s09260	gi|37060017|gb|AC146133.3|	82.62	1277	160	37	3	1242	158801	157550	0.0	1072
Oe6_s09260	gi|37060017|gb|AC146133.3|	81.20	1250	187	30	7	1232	157335	156110	0.0	963
Oe6_s09260	gi|37060017|gb|AC146133.3|	78.96	1274	185	51	3	1242	157676	156452	0.0	791
Oe6_s09260	gi|37060017|gb|AC146133.3|	78.42	1288	189	51	12	1243	157425	156171	0.0	756
Oe6_s09260	gi|37060017|gb|AC146133.3|	78.40	1259	196	45	3	1224	157115	155896	0.0	749
Oe6_s09260	gi|37060017|gb|AC146133.3|	77.54	1291	204	48	7	1243	155203	153945	0.0	699
Oe6_s09260	gi|37060017|gb|AC146133.3|	76.26	1289	221	55	3	1242	156532	155280	4e-169	606
Oe6_s09260	gi|37060017|gb|AC146133.3|	76.30	1287	210	56	3	1243	145705	144468	7e-167	599
Oe6_s09260	gi|37060017|gb|AC146133.3|	75.92	1304	223	45	3	1242	156994	155718	2e-162	584
Oe6_s09260	gi|37060017|gb|AC146133.3|	75.76	1287	229	48	3	1242	154979	153729	1e-158	571
Oe6_s09260	gi|37060017|gb|AC146133.3|	75.93	1072	166	51	3	1012	154170	153129	7e-127	466
Oe6_s09260	gi|33147491|gb|AC145751.1|	82.53	1265	161	32	7	1245	17758	16528	0.0	1057
Oe6_s09260	gi|33147491|gb|AC145751.1|	77.29	1299	207	45	3	1242	8116	6847	0.0	684
Oe6_s09260	gi|33147491|gb|AC145751.1|	76.43	1315	211	56	7	1243	18126	16833	5e-173	619
Oe6_s09260	gi|33147491|gb|AC145751.1|	76.36	1265	212	54	23	1242	6507	5285	7e-167	599
Oe6_s09260	gi|33147491|gb|AC145751.1|	75.91	1291	225	49	3	1242	4495	3240	7e-162	582
Oe6_s09260	gi|33147491|gb|AC145751.1|	75.46	1308	223	57	3	1243	16190	14914	2e-151	547
Oe6_s09260	gi|33147491|gb|AC145751.1|	75.49	1277	221	61	3	1243	3682	2462	4e-149	540
Oe6_s09260	gi|33147491|gb|AC145751.1|	74.65	1274	238	50	12	1243	16072	14842	2e-132	484
Oe6_s09260	gi|12963027|gb|AC025223.6|	82.53	1265	161	32	7	1245	57839	56609	0.0	1057
Oe6_s09260	gi|12963027|gb|AC025223.6|	76.50	1315	210	56	7	1243	58207	56914	1e-174	625
Oe6_s09260	gi|37620356|gb|AC146179.2|	81.77	1267	164	39	7	1242	103257	102027	0.0	998
Oe6_s09260	gi|37620356|gb|AC146179.2|	78.57	1185	196	38	59	1230	98790	97651	0.0	728
Oe6_s09260	gi|37620356|gb|AC146179.2|	76.53	1304	217	48	3	1243	157811	156534	2e-176	630
Oe6_s09260	gi|37620356|gb|AC146179.2|	76.65	1259	214	46	12	1243	99094	97889	4e-174	623
Oe6_s09260	gi|37620356|gb|AC146179.2|	76.44	1252	231	40	7	1232	102467	101254	5e-173	619
Oe6_s09260	gi|37620356|gb|AC146179.2|	76.39	1279	219	52	3	1242	151512	150278	9e-171	612
Oe6_s09260	gi|37620356|gb|AC146179.2|	76.21	1324	205	61	3	1243	97967	96671	7e-167	599
Oe6_s09260	gi|37620356|gb|AC146179.2|	76.24	1225	209	47	7	1199	100407	99233	1e-159	575
Oe6_s09260	gi|37620356|gb|AC146179.2|	75.86	1218	220	42	58	1242	154387	153211	5e-153	553
Oe6_s09260	gi|37620356|gb|AC146179.2|	75.04	1270	238	50	3	1237	143175	141950	7e-142	516
Oe6_s09260	gi|37620356|gb|AC146179.2|	75.04	1254	218	59	12	1232	102090	100899	3e-135	494
Oe6_s09260	gi|20514831|gb|AC092854.14|	81.02	1270	180	39	7	1242	143959	145201	0.0	953
Oe6_s09260	gi|20514831|gb|AC092854.14|	79.83	1284	201	34	3	1242	145846	147115	0.0	883
Oe6_s09260	gi|20514831|gb|AC092854.14|	76.49	1272	222	46	7	1242	148605	149835	1e-173	621
Oe6_s09260	gi|527354739|emb|FO681535.2|	80.33	1271	187	42	7	1242	12100	10858	0.0	904
Oe6_s09260	gi|527354739|emb|FO681535.2|	76.70	1236	222	42	7	1200	11303	10092	3e-175	627
Oe6_s09260	gi|22138720|gb|AC127701.2|	80.43	1262	181	43	7	1242	18665	17444	0.0	902
Oe6_s09260	gi|22138720|gb|AC127701.2|	79.84	1240	200	25	3	1216	49026	50241	0.0	859
Oe6_s09260	gi|22138720|gb|AC127701.2|	78.30	1244	221	30	3	1216	48449	49673	0.0	756
Oe6_s09260	gi|22138720|gb|AC127701.2|	76.85	1270	234	36	3	1242	154806	156045	0.0	662
Oe6_s09260	gi|22138720|gb|AC127701.2|	76.60	1278	226	41	7	1243	100587	101832	5e-178	636
Oe6_s09260	gi|22138720|gb|AC127701.2|	77.19	1162	195	39	100	1244	108941	110049	2e-171	614
Oe6_s09260	gi|22138720|gb|AC127701.2|	76.39	1237	223	39	3	1216	155423	156613	5e-168	603
Oe6_s09260	gi|22138720|gb|AC127701.2|	76.27	1260	211	48	3	1230	7398	6195	4e-164	590
Oe6_s09260	gi|22138720|gb|AC127701.2|	76.28	1248	212	55	3	1200	118400	119613	1e-163	588
Oe6_s09260	gi|22138720|gb|AC127701.2|	75.84	1283	236	45	3	1245	4328	3080	2e-162	584
Oe6_s09260	gi|22138720|gb|AC127701.2|	76.42	1166	221	36	100	1244	8858	7726	2e-161	580
Oe6_s09260	gi|22138720|gb|AC127701.2|	75.73	1273	233	53	9	1242	113802	115037	5e-158	569
Oe6_s09260	gi|22138720|gb|AC127701.2|	76.06	1161	213	31	108	1228	3605	2470	3e-150	544
Oe6_s09260	gi|22138720|gb|AC127701.2|	75.44	1193	206	46	111	1243	143260	144425	7e-137	499
Oe6_s09260	gi|22138720|gb|AC127701.2|	75.08	1252	217	58	16	1243	49735	50915	9e-136	496
Oe6_s09260	gi|22138720|gb|AC127701.2|	74.94	1261	227	49	7	1240	145039	146237	9e-136	496
Oe6_s09260	gi|22138720|gb|AC127701.2|	74.57	1274	238	50	4	1244	13686	12466	9e-131	479
Oe6_s09260	gi|22138720|gb|AC127701.2|	74.36	1248	242	50	30	1242	12567	11363	3e-125	460
Oe6_s09260	gi|22002241|gb|AC110072.3|	80.27	1262	180	40	3	1242	14330	13116	0.0	887
Oe6_s09260	gi|22002241|gb|AC110072.3|	78.64	1278	170	52	3	1200	81306	82560	0.0	752
Oe6_s09260	gi|22002241|gb|AC110072.3|	77.30	1273	216	47	8	1242	53780	52543	0.0	682
Oe6_s09260	gi|22002241|gb|AC110072.3|	77.58	1258	196	49	3	1231	82166	83366	0.0	682
Oe6_s09260	gi|22002241|gb|AC110072.3|	77.18	1249	213	48	3	1231	12030	10834	0.0	662
Oe6_s09260	gi|22002241|gb|AC110072.3|	77.12	1263	207	41	8	1243	81755	82962	0.0	656
Oe6_s09260	gi|22002241|gb|AC110072.3|	76.34	1213	219	41	52	1239	8553	7384	1e-163	588
Oe6_s09260	gi|22002241|gb|AC110072.3|	76.50	1170	209	37	105	1242	78183	79318	3e-160	577
Oe6_s09260	gi|22002241|gb|AC110072.3|	76.32	1178	207	37	112	1242	5159	4007	2e-156	564
Oe6_s09260	gi|22002241|gb|AC110072.3|	75.91	1266	214	54	3	1243	60375	59176	2e-156	564
Oe6_s09260	gi|22002241|gb|AC110072.3|	75.65	1314	220	63	3	1241	65838	64550	9e-156	562
Oe6_s09260	gi|22002241|gb|AC110072.3|	75.53	1275	224	50	3	1242	54387	53166	9e-151	545
Oe6_s09260	gi|22002241|gb|AC110072.3|	75.47	1288	225	56	3	1242	3154	1910	3e-150	544
Oe6_s09260	gi|22002241|gb|AC110072.3|	75.88	1169	212	43	108	1242	61051	59919	7e-147	532
Oe6_s09260	gi|22002241|gb|AC110072.3|	76.22	1165	182	49	7	1098	72374	73516	9e-146	529
Oe6_s09260	gi|22002241|gb|AC110072.3|	75.32	1309	207	71	3	1243	56289	55029	2e-143	521
Oe6_s09260	gi|22002241|gb|AC110072.3|	75.16	1252	236	51	3	1225	9678	8473	5e-143	520
Oe6_s09260	gi|22002241|gb|AC110072.3|	73.91	1265	240	55	3	1232	6465	5256	1e-114	425
Oe6_s09260	gi|22002241|gb|AC110072.3|	76.34	317	52	15	936	1243	65987	65685	3e-31	148
Oe6_s09260	gi|530788379|emb|FP325313.4|	80.05	1258	185	42	7	1242	27128	28341	0.0	872
Oe6_s09260	gi|530788379|emb|FP325313.4|	76.01	1263	242	38	7	1243	27339	28566	2e-166	597
Oe6_s09260	gi|309706707|emb|FP565786.3|	79.98	1254	194	38	7	1242	8379	9593	0.0	872
Oe6_s09260	gi|309706707|emb|FP565786.3|	79.30	1251	187	41	13	1224	5859	7076	0.0	809
Oe6_s09260	gi|309706707|emb|FP565786.3|	78.56	1278	202	44	7	1241	3777	5025	0.0	776
Oe6_s09260	gi|309706707|emb|FP565786.3|	77.01	1270	216	41	3	1230	36985	35750	0.0	658
Oe6_s09260	gi|309706707|emb|FP565786.3|	76.76	1291	215	48	7	1245	33607	32350	3e-180	643
Oe6_s09260	gi|309706707|emb|FP565786.3|	76.92	1248	190	55	3	1229	35470	34300	5e-173	619
Oe6_s09260	gi|309706707|emb|FP565786.3|	76.21	1261	232	42	3	1232	1892	3115	1e-168	604
Oe6_s09260	gi|309706707|emb|FP565786.3|	75.89	1286	227	50	3	1230	5773	7033	2e-161	580
Oe6_s09260	gi|309706707|emb|FP565786.3|	76.06	1274	208	60	7	1236	137	1357	4e-159	573
Oe6_s09260	gi|309706707|emb|FP565786.3|	76.40	1161	217	34	7	1141	10854	11983	4e-159	573
Oe6_s09260	gi|309706707|emb|FP565786.3|	76.01	1263	216	43	12	1226	35001	33778	4e-159	573
Oe6_s09260	gi|309706707|emb|FP565786.3|	76.11	1172	202	47	100	1226	10264	11402	1e-149	542
Oe6_s09260	gi|3047259|gb|AF051684.1|AF051684	99.37	473	3	0	2	474	633	1105	0.0	857
Oe6_s09260	gi|3047259|gb|AF051684.1|AF051684	82.22	956	132	25	1	933	164	1104	0.0	789
Oe6_s09260	gi|3047259|gb|AF051684.1|AF051684	78.06	310	53	9	925	1231	7	304	3e-41	182
Oe6_s09260	gi|28201479|gb|AC137499.2|	79.74	1254	197	37	7	1242	9064	10278	0.0	856
Oe6_s09260	gi|28201479|gb|AC137499.2|	79.94	1246	182	30	3	1242	40643	39460	0.0	854
Oe6_s09260	gi|28201479|gb|AC137499.2|	79.62	1251	193	37	13	1224	6465	7692	0.0	841
Oe6_s09260	gi|28201479|gb|AC137499.2|	78.64	1278	201	45	7	1241	4331	5579	0.0	782
Oe6_s09260	gi|28201479|gb|AC137499.2|	77.75	1272	219	38	3	1243	38152	36914	0.0	723
Oe6_s09260	gi|28201479|gb|AC137499.2|	77.46	1278	198	49	3	1242	42108	40883	0.0	682
Oe6_s09260	gi|28201479|gb|AC137499.2|	77.15	1278	206	53	7	1231	34784	33540	0.0	664
Oe6_s09260	gi|28201479|gb|AC137499.2|	77.10	1262	211	47	7	1231	36089	34869	0.0	658
Oe6_s09260	gi|28201479|gb|AC137499.2|	76.75	1286	221	46	3	1243	47348	46096	0.0	647
Oe6_s09260	gi|28201479|gb|AC137499.2|	77.06	1260	194	50	26	1243	5664	6870	1e-178	638
Oe6_s09260	gi|28201479|gb|AC137499.2|	76.87	1258	206	50	12	1232	5188	6397	7e-177	632
Oe6_s09260	gi|28201479|gb|AC137499.2|	77.07	1169	200	42	105	1230	6506	7649	9e-171	612
Oe6_s09260	gi|28201479|gb|AC137499.2|	76.13	1261	233	42	3	1232	2446	3669	7e-167	599
Oe6_s09260	gi|28201479|gb|AC137499.2|	75.97	1269	227	38	3	1226	36190	34955	7e-162	582
Oe6_s09260	gi|28201479|gb|AC137499.2|	76.18	1276	199	61	3	1229	36696	35477	1e-159	575
Oe6_s09260	gi|28201479|gb|AC137499.2|	75.92	1275	208	60	7	1236	691	1911	9e-156	562
Oe6_s09260	gi|28201479|gb|AC137499.2|	76.36	1180	197	45	101	1242	48017	46882	1e-154	558
Oe6_s09260	gi|28201479|gb|AC137499.2|	76.28	1117	206	35	7	1096	12399	13483	4e-149	540
Oe6_s09260	gi|28201479|gb|AC137499.2|	75.75	1171	208	46	100	1226	11809	12947	5e-143	520
Oe6_s09260	gi|28201479|gb|AC137499.2|	74.65	1290	233	58	7	1243	12206	13454	2e-132	484
Oe6_s09260	gi|5931521|dbj|AP000543.1|	79.95	1247	182	34	3	1230	2921	1724	0.0	856
Oe6_s09260	gi|5931521|dbj|AP000543.1|	77.46	1278	198	49	3	1242	4386	3161	0.0	682
Oe6_s09260	gi|5931521|dbj|AP000543.1|	77.74	1132	195	33	137	1243	9473	8374	1e-179	641
Oe6_s09260	gi|5931521|dbj|AP000543.1|	76.27	1180	198	45	101	1242	10295	9160	5e-153	553
Oe6_s09260	gi|5931521|dbj|AP000543.1|	77.35	437	79	11	3	429	430	4	5e-59	241
Oe6_s09260	gi|257735518|emb|FP325312.10|	79.73	1258	194	40	7	1242	84659	83441	0.0	854
Oe6_s09260	gi|257735518|emb|FP325312.10|	76.50	1268	211	45	3	1239	83342	82131	3e-170	610
Oe6_s09260	gi|257735518|emb|FP325312.10|	76.40	1284	195	62	3	1243	41688	40470	3e-165	593
Oe6_s09260	gi|257735518|emb|FP325312.10|	76.12	1252	217	49	12	1213	91566	92785	2e-161	580
Oe6_s09260	gi|257735518|emb|FP325312.10|	75.93	1288	221	51	3	1242	18018	16772	9e-161	579
Oe6_s09260	gi|257735518|emb|FP325312.10|	76.13	1244	217	56	20	1243	22019	20836	9e-161	579
Oe6_s09260	gi|257735518|emb|FP325312.10|	76.58	1153	207	39	107	1232	27383	26267	1e-159	575
Oe6_s09260	gi|257735518|emb|FP325312.10|	75.91	1233	221	44	17	1231	49845	48671	9e-156	562
Oe6_s09260	gi|257735518|emb|FP325312.10|	75.71	1309	213	69	3	1242	41867	40595	1e-154	558
Oe6_s09260	gi|257735518|emb|FP325312.10|	76.23	1199	197	54	100	1243	26186	25021	1e-153	555
Oe6_s09260	gi|257735518|emb|FP325312.10|	75.26	1269	219	63	7	1242	46613	45407	7e-142	516
Oe6_s09260	gi|257735518|emb|FP325312.10|	75.63	1182	211	47	100	1243	86878	85736	7e-142	516
Oe6_s09260	gi|257735518|emb|FP325312.10|	74.88	1282	233	56	3	1242	80866	79632	2e-137	501
Oe6_s09260	gi|257735518|emb|FP325312.10|	74.10	1228	226	57	52	1223	19200	18009	2e-113	422
Oe6_s09260	gi|257735518|emb|FP325312.10|	74.85	823	152	35	439	1239	89924	90713	2e-83	322
Oe6_s09260	gi|10046741|emb|AJ297042.1|	97.69	477	11	0	2	478	477	1	0.0	821
Oe6_s09260	gi|307574721|gb|AC242411.2|	78.69	1295	197	39	3	1243	1948	3217	0.0	789
Oe6_s09260	gi|307574721|gb|AC242411.2|	77.19	1162	195	39	100	1244	10326	11434	2e-171	614
Oe6_s09260	gi|307574721|gb|AC242411.2|	76.02	1247	217	53	3	1200	19811	21024	1e-158	571
Oe6_s09260	gi|307574721|gb|AC242411.2|	75.75	1274	231	55	9	1242	15213	16448	5e-158	569
Oe6_s09260	gi|36364|emb|X67031.1|	90.18	601	46	10	646	1242	600	9	0.0	771
Oe6_s09260	gi|485043568|dbj|AB761678.1|	99.04	416	3	1	830	1245	581	167	0.0	745
Oe6_s09260	gi|485043568|dbj|AB761678.1|	76.33	545	98	20	613	1141	579	50	1e-65	263
Oe6_s09260	gi|485043568|dbj|AB761678.1|	95.15	103	4	1	1	102	103	1	4e-35	161
Oe6_s09260	gi|322359361|gb|AC243633.2|	77.94	1269	217	35	3	1243	1311	78	0.0	734
Oe6_s09260	gi|322359361|gb|AC243633.2|	75.44	1246	214	51	42	1243	6799	5602	2e-143	521
Oe6_s09260	gi|313747652|gb|AC242666.3|	77.86	1269	218	35	3	1243	19402	20635	0.0	728
Oe6_s09260	gi|313747652|gb|AC242666.3|	77.46	1278	216	37	3	1242	21598	22841	0.0	699
Oe6_s09260	gi|313747652|gb|AC242666.3|	76.39	1279	216	42	7	1242	21700	22935	3e-170	610
Oe6_s09260	gi|313747652|gb|AC242666.3|	75.91	1295	215	53	12	1242	21349	22610	4e-159	573
Oe6_s09260	gi|313747652|gb|AC242666.3|	75.64	1289	213	61	3	1243	21118	22353	2e-151	547
Oe6_s09260	gi|313747652|gb|AC242666.3|	76.39	1173	178	57	105	1242	22862	23970	4e-149	540
Oe6_s09260	gi|313747652|gb|AC242666.3|	75.52	1246	213	50	42	1243	13915	15112	3e-145	527
Oe6_s09260	gi|21540005|emb|AL133173.20|	77.86	1269	218	35	3	1243	194721	195954	0.0	728
Oe6_s09260	gi|21540005|emb|AL133173.20|	77.46	1278	216	37	3	1242	196917	198160	0.0	699
Oe6_s09260	gi|21540005|emb|AL133173.20|	76.39	1279	216	42	7	1242	197019	198254	3e-170	610
Oe6_s09260	gi|21540005|emb|AL133173.20|	75.91	1295	215	53	12	1242	196668	197929	4e-159	573
Oe6_s09260	gi|21540005|emb|AL133173.20|	75.64	1289	213	61	3	1243	196437	197672	2e-151	547
Oe6_s09260	gi|21540005|emb|AL133173.20|	76.39	1173	178	57	105	1242	198181	199289	4e-149	540
Oe6_s09260	gi|21540005|emb|AL133173.20|	75.52	1246	213	50	42	1243	189234	190431	3e-145	527
Oe6_s09260	gi|312596993|gb|AC242732.3|	77.36	1250	218	42	12	1232	20800	19587	0.0	680
Oe6_s09260	gi|312596993|gb|AC242732.3|	76.56	1267	218	51	3	1236	24486	23266	1e-173	621
Oe6_s09260	gi|312596993|gb|AC242732.3|	75.55	1284	237	42	3	1242	24385	23135	3e-155	560
Oe6_s09260	gi|149363786|gb|AC205586.1|	77.12	1276	223	44	3	1242	35279	34037	0.0	675
Oe6_s09260	gi|149363786|gb|AC205586.1|	75.53	1271	234	45	3	1243	28034	26811	5e-153	553
Oe6_s09260	gi|149363786|gb|AC205586.1|	75.20	1278	207	62	7	1216	26465	25230	5e-138	503
Oe6_s09260	gi|149363786|gb|AC205586.1|	74.86	1038	179	48	173	1164	36081	35080	1e-105	396
Oe6_s09260	gi|353526010|gb|JN023091.1|	90.47	514	42	5	1	514	153	659	0.0	671
Oe6_s09260	gi|353526010|gb|JN023091.1|	78.36	305	51	9	930	1231	1	293	8e-42	183
Oe6_s09260	gi|353526010|gb|JN023091.1|	100.00	66	0	0	1	66	621	686	2e-23	122
Oe6_s09260	gi|528744651|gb|AC019340.7|	76.85	1270	234	36	3	1242	68553	69792	0.0	662
Oe6_s09260	gi|528744651|gb|AC019340.7|	76.60	1278	226	41	7	1243	14334	15579	5e-178	636
Oe6_s09260	gi|528744651|gb|AC019340.7|	77.19	1162	195	39	100	1244	22688	23796	2e-171	614
Oe6_s09260	gi|528744651|gb|AC019340.7|	76.39	1237	223	39	3	1216	69170	70360	5e-168	603
Oe6_s09260	gi|528744651|gb|AC019340.7|	76.28	1248	212	55	3	1200	32147	33360	1e-163	588
Oe6_s09260	gi|528744651|gb|AC019340.7|	75.73	1273	233	53	9	1242	27549	28784	5e-158	569
Oe6_s09260	gi|528744651|gb|AC019340.7|	75.44	1193	206	46	111	1243	57007	58172	7e-137	499
Oe6_s09260	gi|528744651|gb|AC019340.7|	74.94	1261	227	49	7	1240	58786	59984	9e-136	496
Oe6_s09260	gi|23266392|gb|AC129779.2|	76.95	1297	210	53	8	1241	7746	9016	0.0	656
Oe6_s09260	gi|23266392|gb|AC129779.2|	76.58	1247	206	47	14	1242	830	2008	4e-169	606
Oe6_s09260	gi|23266392|gb|AC129779.2|	76.31	1245	219	46	3	1204	3027	4238	9e-166	595
Oe6_s09260	gi|23266392|gb|AC129779.2|	76.52	1167	214	35	100	1242	6392	7522	7e-162	582
Oe6_s09260	gi|23266392|gb|AC129779.2|	75.71	704	119	30	563	1243	28	702	2e-78	305
Oe6_s09260	gi|920593139|gb|AC270109.1|	76.98	1251	223	40	28	1242	205818	204597	0.0	654
Oe6_s09260	gi|920593139|gb|AC270109.1|	76.99	1256	211	46	12	1215	202941	201712	0.0	647
Oe6_s09260	gi|920593139|gb|AC270109.1|	77.35	1183	201	37	100	1242	210344	209189	1e-178	638
Oe6_s09260	gi|920593139|gb|AC270109.1|	76.83	1148	205	34	100	1215	211154	212272	4e-164	590
Oe6_s09260	gi|920593139|gb|AC270109.1|	77.93	752	111	32	509	1236	211132	210412	2e-112	418
Oe6_s09260	gi|894216365|gb|AC270088.1|	76.93	1283	214	49	17	1243	76092	74836	0.0	654
Oe6_s09260	gi|894216365|gb|AC270088.1|	76.86	1305	206	61	3	1236	71236	69957	0.0	649
Oe6_s09260	gi|894216365|gb|AC270088.1|	76.68	1312	206	53	3	1242	73401	72118	5e-178	636
Oe6_s09260	gi|894216365|gb|AC270088.1|	76.48	1263	204	51	26	1243	86392	87606	2e-167	601
Oe6_s09260	gi|894216365|gb|AC270088.1|	76.79	1185	187	53	99	1243	79458	78322	2e-162	584
Oe6_s09260	gi|894216365|gb|AC270088.1|	75.25	1212	212	52	62	1227	78859	77690	9e-136	496
Oe6_s09260	gi|894216365|gb|AC270088.1|	77.01	944	159	36	92	1006	81580	80666	2e-133	488
Oe6_s09260	gi|894216365|gb|AC270088.1|	74.05	1295	253	48	8	1245	76808	75540	6e-123	453
Oe6_s09260	gi|260441730|gb|AC233266.3|	76.98	1251	223	40	28	1242	192860	194081	0.0	654
Oe6_s09260	gi|260441730|gb|AC233266.3|	76.99	1256	211	46	12	1215	195737	196966	0.0	647
Oe6_s09260	gi|260441730|gb|AC233266.3|	77.35	1183	201	37	100	1242	188334	189489	1e-178	638
Oe6_s09260	gi|260441730|gb|AC233266.3|	76.83	1148	205	34	100	1215	187524	186406	4e-164	590
Oe6_s09260	gi|260441730|gb|AC233266.3|	77.93	752	111	33	509	1236	187546	188266	2e-112	418
Oe6_s09260	gi|31745199|gb|AC136932.4|	76.93	1283	214	49	17	1243	131002	129746	0.0	654
Oe6_s09260	gi|31745199|gb|AC136932.4|	76.78	1305	207	61	3	1236	126146	124867	3e-180	643
Oe6_s09260	gi|31745199|gb|AC136932.4|	76.75	1312	205	53	3	1242	128311	127028	1e-179	641
Oe6_s09260	gi|31745199|gb|AC136932.4|	76.48	1263	204	51	26	1243	141297	142511	2e-167	601
Oe6_s09260	gi|31745199|gb|AC136932.4|	76.79	1185	187	53	99	1243	134368	133232	2e-162	584
Oe6_s09260	gi|31745199|gb|AC136932.4|	75.25	1212	212	52	62	1227	133769	132600	9e-136	496
Oe6_s09260	gi|31745199|gb|AC136932.4|	77.01	944	159	36	92	1006	136485	135571	2e-133	488
Oe6_s09260	gi|31745199|gb|AC136932.4|	74.05	1295	253	48	8	1245	131718	130450	6e-123	453
Oe6_s09260	gi|312434067|gb|AC242195.3|	76.84	1291	217	48	3	1242	16039	14780	0.0	652
Oe6_s09260	gi|218156510|gb|AC233264.2|	76.86	1266	219	45	7	1240	204418	203195	0.0	647
Oe6_s09260	gi|218156510|gb|AC233264.2|	76.42	1285	218	56	8	1242	208790	207541	7e-172	616
Oe6_s09260	gi|218156510|gb|AC233264.2|	76.07	1283	220	47	3	1243	203025	201788	1e-163	588
Oe6_s09260	gi|218156510|gb|AC233264.2|	75.57	1269	223	54	1	1242	204329	203121	9e-151	545
Oe6_s09260	gi|218156510|gb|AC233264.2|	75.53	1279	221	54	7	1242	210937	209708	3e-150	544
Oe6_s09260	gi|218156510|gb|AC233264.2|	75.91	1150	206	42	100	1226	196303	197404	4e-144	523
Oe6_s09260	gi|218156510|gb|AC233264.2|	74.84	1280	242	44	3	1242	197219	198458	4e-139	507
Oe6_s09260	gi|218156510|gb|AC233264.2|	74.21	1291	218	69	7	1243	195630	196859	7e-117	433
Oe6_s09260	gi|218156510|gb|AC233264.2|	77.02	457	81	15	801	1243	191752	192198	5e-59	241
Oe6_s09260	gi|1142969690|gb|KY429490.1|	76.76	1291	217	48	3	1242	1911	3169	0.0	645
Oe6_s09260	gi|399923202|emb|FP885539.3|	76.89	1268	211	54	1	1243	25180	23970	3e-180	643
Oe6_s09260	gi|399923202|emb|FP885539.3|	76.67	1170	197	51	114	1244	28337	27205	9e-161	579
Oe6_s09260	gi|399923202|emb|FP885539.3|	76.16	1212	213	39	3	1200	5330	4181	2e-157	568
Oe6_s09260	gi|399923202|emb|FP885539.3|	75.79	1268	220	45	8	1245	84870	83660	3e-155	560
Oe6_s09260	gi|399923202|emb|FP885539.3|	75.91	1212	216	40	3	1200	17390	16241	2e-152	551
Oe6_s09260	gi|399923202|emb|FP885539.3|	75.21	1283	232	51	3	1243	22370	21132	9e-146	529
Oe6_s09260	gi|29124082|gb|AC106819.3|	76.89	1268	211	54	1	1243	53973	52763	3e-180	643
Oe6_s09260	gi|29124082|gb|AC106819.3|	76.14	1270	217	49	6	1242	5176	6392	1e-163	588
Oe6_s09260	gi|29124082|gb|AC106819.3|	76.67	1170	197	51	114	1244	57130	55998	9e-161	579
Oe6_s09260	gi|29124082|gb|AC106819.3|	76.16	1212	213	39	3	1200	34123	32974	2e-157	568
Oe6_s09260	gi|29124082|gb|AC106819.3|	75.79	1272	222	48	7	1242	17091	18312	2e-156	564
Oe6_s09260	gi|29124082|gb|AC106819.3|	75.79	1268	220	45	8	1245	113663	112453	3e-155	560
Oe6_s09260	gi|29124082|gb|AC106819.3|	75.91	1212	216	40	3	1200	46183	45034	2e-152	551
Oe6_s09260	gi|29124082|gb|AC106819.3|	75.21	1283	232	51	3	1243	51163	49925	9e-146	529
Oe6_s09260	gi|29124082|gb|AC106819.3|	74.72	1175	208	47	12	1140	27905	29036	1e-119	442
Oe6_s09260	gi|36345|emb|X60726.1|	99.71	350	1	0	796	1145	1	350	1e-179	641
Oe6_s09260	gi|304434867|gb|AC242245.1|	76.78	1266	217	46	7	1240	3677	2457	1e-178	638
Oe6_s09260	gi|304434867|gb|AC242245.1|	76.45	1308	217	59	3	1242	13426	12142	1e-174	625
Oe6_s09260	gi|304434867|gb|AC242245.1|	76.11	1302	208	57	7	1242	14192	12928	5e-163	586
Oe6_s09260	gi|304434867|gb|AC242245.1|	75.99	1283	221	47	3	1243	2287	1050	7e-162	582
Oe6_s09260	gi|304434867|gb|AC242245.1|	75.67	1266	224	52	1	1242	3588	2383	1e-153	555
Oe6_s09260	gi|222537843|gb|AC233263.2|	76.91	1269	203	51	3	1236	2598	3811	1e-178	638
Oe6_s09260	gi|222537843|gb|AC233263.2|	75.93	1267	236	42	3	1243	3913	5136	5e-163	586
Oe6_s09260	gi|222537843|gb|AC233263.2|	74.63	1269	250	42	3	1243	10552	11776	3e-135	494
Oe6_s09260	gi|222537843|gb|AC233263.2|	75.30	1170	206	40	3	1141	4674	5791	7e-132	483
Oe6_s09260	gi|1142969691|gb|KY429491.1|	76.60	1295	216	54	3	1242	1433	2695	7e-177	632
Oe6_s09260	gi|15080945|gb|AF361734.1|AF361734	99.71	342	1	0	1	342	342	1	3e-175	627
Oe6_s09260	gi|89515066|gb|AC174000.3|	76.77	1287	196	58	3	1243	8328	9557	1e-174	625
Oe6_s09260	gi|89515066|gb|AC174000.3|	77.29	1017	156	39	52	1025	10772	11756	9e-146	529
Oe6_s09260	gi|89515066|gb|AC174000.3|	76.53	997	151	50	7	957	10773	11732	2e-127	468
Oe6_s09260	gi|15080937|gb|AF361726.1|AF361726	99.42	342	2	0	1	342	342	1	1e-173	621
Oe6_s09260	gi|29336202|gb|AC135776.3|	76.56	1267	218	51	3	1236	158377	157157	1e-173	621
Oe6_s09260	gi|29336202|gb|AC135776.3|	75.79	1272	221	54	12	1232	153506	152271	9e-156	562
Oe6_s09260	gi|29336202|gb|AC135776.3|	75.55	1284	237	42	3	1242	158276	157026	3e-155	560
Oe6_s09260	gi|15080952|gb|AF361741.1|AF361741	93.73	415	20	4	833	1245	527	117	2e-172	617
Oe6_s09260	gi|329744709|gb|AC244201.2|	76.42	1264	225	45	7	1243	42024	40807	7e-172	616
Oe6_s09260	gi|15080925|gb|AF361714.1|AF361714	99.12	342	3	0	1	342	342	1	7e-172	616
Oe6_s09260	gi|15080925|gb|AF361714.1|AF361714	77.83	397	69	13	753	1143	400	17	4e-55	228
Oe6_s09260	gi|15080917|gb|AF361706.1|AF361706	99.12	342	3	0	1	342	342	1	7e-172	616
Oe6_s09260	gi|15080915|gb|AF361704.1|AF361704	99.12	342	3	0	1	342	342	1	7e-172	616
Oe6_s09260	gi|15080930|gb|AF361719.1|AF361719	98.83	342	4	0	1	342	342	1	9e-171	612
Oe6_s09260	gi|15080953|gb|AF361742.1|AF361742	98.83	342	4	0	1	342	342	1	3e-170	610
Oe6_s09260	gi|530788378|emb|FP325343.3|	76.40	1284	195	62	3	1243	132620	133838	3e-165	593
Oe6_s09260	gi|530788378|emb|FP325343.3|	75.91	1233	221	44	17	1231	124447	125621	9e-156	562
Oe6_s09260	gi|530788378|emb|FP325343.3|	75.71	1309	213	69	3	1242	132441	133713	1e-154	558
Oe6_s09260	gi|530788378|emb|FP325343.3|	75.27	1274	226	59	7	1242	127679	128901	1e-144	525
Oe6_s09260	gi|15080939|gb|AF361728.1|AF361728	97.95	342	7	0	1	342	342	1	3e-165	593
Oe6_s09260	gi|15080939|gb|AF361728.1|AF361728	79.59	196	31	6	1036	1231	388	202	3e-26	132
Oe6_s09260	gi|555290194|gb|AC254809.1|	76.03	1289	226	47	3	1245	126096	124845	1e-164	592
Oe6_s09260	gi|555290194|gb|AC254809.1|	75.93	1284	232	42	3	1243	109784	108535	1e-163	588
Oe6_s09260	gi|555290194|gb|AC254809.1|	74.24	1250	226	61	7	1231	107474	106296	6e-118	436
Oe6_s09260	gi|18450226|gb|AC092175.5|	77.56	1083	172	42	7	1048	32837	31785	1e-163	588
Oe6_s09260	gi|18450226|gb|AC092175.5|	78.22	808	122	28	224	1008	28713	27937	2e-127	468
Oe6_s09260	gi|18450226|gb|AC092175.5|	78.75	527	80	16	729	1236	32815	32302	5e-84	324
Oe6_s09260	gi|18450226|gb|AC092175.5|	78.18	559	82	22	698	1243	28731	28200	6e-83	320
Oe6_s09260	gi|13518279|gb|AC018696.4|	75.93	1267	236	41	3	1243	193173	191950	5e-163	586
Oe6_s09260	gi|13518279|gb|AC018696.4|	74.70	1269	249	41	3	1243	186534	185310	7e-137	499
Oe6_s09260	gi|13518279|gb|AC018696.4|	75.21	1170	207	40	3	1141	192412	191295	3e-130	477
Oe6_s09260	gi|15080933|gb|AF361722.1|AF361722	97.08	342	10	0	1	342	342	1	3e-160	577
Oe6_s09260	gi|15080948|gb|AF361737.1|AF361737	96.78	342	11	0	1	342	342	1	1e-158	571
Oe6_s09260	gi|15080948|gb|AF361737.1|AF361737	79.08	196	32	6	1036	1231	388	202	1e-24	126
Oe6_s09260	gi|15080924|gb|AF361713.1|AF361713	96.78	342	11	0	1	342	342	1	1e-158	571
Oe6_s09260	gi|15080924|gb|AF361713.1|AF361713	77.05	292	47	12	944	1231	477	202	8e-32	150
Oe6_s09260	gi|33636872|gb|AC144895.2|	75.77	1304	223	49	3	1242	3167	4441	1e-158	571
Oe6_s09260	gi|33636872|gb|AC144895.2|	76.03	1264	210	53	3	1222	1289	2503	5e-158	569
Oe6_s09260	gi|308193462|gb|AC182233.2|	75.68	1258	243	37	17	1242	36490	37716	5e-158	569
Oe6_s09260	gi|15080918|gb|AF361707.1|AF361707	96.78	342	10	1	1	342	341	1	5e-158	569
Oe6_s09260	gi|15080927|gb|AF361716.1|AF361716	97.01	335	10	0	8	342	335	1	2e-156	564
Oe6_s09260	gi|94403220|gb|AC175749.2|	76.40	1157	206	39	100	1225	20255	21375	9e-156	562
Oe6_s09260	gi|94403220|gb|AC175749.2|	76.07	326	47	18	874	1194	21633	21932	5e-29	141
Oe6_s09260	gi|15080950|gb|AF361739.1|AF361739	96.20	342	13	0	1	342	342	1	3e-155	560
Oe6_s09260	gi|15080950|gb|AF361739.1|AF361739	79.08	196	32	6	1036	1231	388	202	1e-24	126
Oe6_s09260	gi|15080922|gb|AF361711.1|AF361711	96.20	342	13	0	1	342	342	1	3e-155	560
Oe6_s09260	gi|22002240|gb|AC127387.3|	75.48	1289	238	48	3	1242	4116	5375	1e-154	558
Oe6_s09260	gi|22002240|gb|AC127387.3|	75.87	1268	208	59	12	1232	6810	8026	4e-154	556
Oe6_s09260	gi|22002240|gb|AC127387.3|	74.78	1257	234	46	3	1236	7576	8772	2e-133	488
Oe6_s09260	gi|15080926|gb|AF361715.1|AF361715	92.21	398	24	5	515	906	397	1	4e-154	556
Oe6_s09260	gi|15080954|gb|AF361743.1|AF361743	95.91	342	14	0	1	342	342	1	1e-153	555
Oe6_s09260	gi|15080951|gb|AF361740.1|AF361740	95.91	342	14	0	1	342	342	1	1e-153	555
Oe6_s09260	gi|485043548|dbj|AB761662.1|	98.11	317	6	0	363	679	3	319	5e-153	553
Oe6_s09260	gi|15080932|gb|AF361721.1|AF361721	95.32	342	16	0	1	342	342	1	9e-151	545
Oe6_s09260	gi|15080932|gb|AF361721.1|AF361721	79.08	196	32	6	1036	1231	388	202	1e-24	126
Oe6_s09260	gi|15080947|gb|AF361736.1|AF361736	95.58	339	15	0	4	342	339	1	3e-150	544
Oe6_s09260	gi|15080946|gb|AF361735.1|AF361735	95.32	342	16	0	1	342	342	1	3e-150	544
Oe6_s09260	gi|15080942|gb|AF361731.1|AF361731	95.32	342	16	0	1	342	342	1	3e-150	544
Oe6_s09260	gi|15080942|gb|AF361731.1|AF361731	79.08	196	32	6	1036	1231	388	202	1e-24	126
Oe6_s09260	gi|15080941|gb|AF361730.1|AF361730	95.32	342	16	0	1	342	342	1	3e-150	544
Oe6_s09260	gi|15080923|gb|AF361712.1|AF361712	95.32	342	16	0	1	342	342	1	3e-150	544
Oe6_s09260	gi|15080920|gb|AF361709.1|AF361709	95.32	342	16	0	1	342	342	1	3e-150	544
Oe6_s09260	gi|148369113|gb|AC198462.3|	75.58	1245	220	49	3	1204	4802	3599	1e-148	538
Oe6_s09260	gi|148369113|gb|AC198462.3|	75.77	1172	192	57	100	1242	6807	5699	4e-139	507
Oe6_s09260	gi|148369113|gb|AC198462.3|	74.49	1286	232	56	8	1243	10724	9485	6e-128	470
Oe6_s09260	gi|15080943|gb|AF361732.1|AF361732	95.03	342	17	0	1	342	342	1	1e-148	538
Oe6_s09260	gi|15080928|gb|AF361717.1|AF361717	95.28	339	16	0	4	342	339	1	1e-148	538
Oe6_s09260	gi|15080914|gb|AF361703.1|AF361703	95.03	342	17	0	1	342	342	1	1e-148	538
Oe6_s09260	gi|15080931|gb|AF361720.1|AF361720	94.74	342	17	1	1	342	341	1	3e-146	531
Oe6_s09260	gi|311893423|gb|AC242876.2|	75.54	1247	211	53	42	1243	1347	150	3e-145	527
Oe6_s09260	gi|45268171|gb|AC113436.28|	75.28	1323	212	56	3	1242	151180	152470	1e-144	525
Oe6_s09260	gi|45268171|gb|AC113436.28|	76.93	646	80	36	629	1232	149956	150574	6e-78	303
Oe6_s09260	gi|15080944|gb|AF361733.1|AF361733	94.43	341	19	0	2	342	341	1	1e-144	525
Oe6_s09260	gi|15080944|gb|AF361733.1|AF361733	78.57	196	33	7	1036	1231	388	202	6e-23	121
Oe6_s09260	gi|225903541|gb|AC233265.2|	75.91	1150	206	42	100	1226	209917	211018	4e-144	523
Oe6_s09260	gi|225903541|gb|AC233265.2|	74.84	1280	242	44	3	1242	210833	212072	4e-139	507
Oe6_s09260	gi|225903541|gb|AC233265.2|	74.21	1291	218	69	7	1243	209244	210473	7e-117	433
Oe6_s09260	gi|225903541|gb|AC233265.2|	77.02	457	81	15	801	1243	205366	205812	5e-59	241
Oe6_s09260	gi|15080916|gb|AF361705.1|AF361705	96.78	311	10	0	921	1231	384	74	4e-144	523
Oe6_s09260	gi|1037381|emb|Z64559.1|	96.25	320	11	1	128	446	1	320	4e-144	523
Oe6_s09260	gi|959209244|emb|LN899821.1|	92.06	378	19	7	149	522	5674323	5674693	2e-143	521
Oe6_s09260	gi|15080940|gb|AF361729.1|AF361729	94.15	342	20	0	1	342	342	1	2e-143	521
Oe6_s09260	gi|86204704|gb|AC172374.4|	75.41	1285	203	72	8	1232	83553	82322	2e-142	518
Oe6_s09260	gi|59797235|gb|AC156805.2|	75.41	1285	203	72	8	1232	59059	60290	2e-142	518
Oe6_s09260	gi|15080949|gb|AF361738.1|AF361738	93.81	339	21	0	4	342	339	1	3e-140	510
Oe6_s09260	gi|39652679|gb|AC134879.3|	75.32	1309	194	66	7	1232	106021	104759	1e-139	508
Oe6_s09260	gi|15080938|gb|AF361727.1|AF361727	93.27	342	23	0	1	342	342	1	2e-138	505
Oe6_s09260	gi|15080936|gb|AF361725.1|AF361725	93.27	342	20	2	1	342	339	1	2e-137	501
Oe6_s09260	gi|22267873|gb|AC129338.2|	75.45	1161	211	44	111	1243	1447	333	3e-136	497
Oe6_s09260	gi|22267873|gb|AC129338.2|	74.86	1269	220	61	3	1235	1239	34	2e-132	484
Oe6_s09260	gi|124487815|gb|AC188371.3|	75.10	1241	213	61	7	1201	8710	7520	1e-134	492
Oe6_s09260	gi|124487815|gb|AC188371.3|	73.50	1200	231	55	105	1242	17406	16232	4e-99	374
Oe6_s09260	gi|124487815|gb|AC188371.3|	73.22	1165	234	43	111	1240	3813	2692	2e-92	351
Oe6_s09260	gi|124487815|gb|AC188371.3|	72.47	1068	194	62	105	1094	27099	26054	2e-62	252
Oe6_s09260	gi|124487815|gb|AC188371.3|	72.47	1068	194	62	105	1094	31105	30060	2e-62	252
Oe6_s09260	gi|110665902|gb|AC186892.2|	75.98	1074	189	36	209	1224	189405	188343	4e-134	490
Oe6_s09260	gi|15080934|gb|AF361723.1|AF361723	92.40	342	26	0	1	342	342	1	2e-133	488
Oe6_s09260	gi|84782083|gb|AC148935.6|	76.89	822	120	34	225	1020	37126	37903	2e-107	401
Oe6_s09260	gi|84782083|gb|AC148935.6|	78.19	596	89	21	7	566	25079	25669	1e-89	342
Oe6_s09260	gi|84782083|gb|AC148935.6|	77.44	554	86	23	698	1243	37132	37654	4e-75	294
Oe6_s09260	gi|84782083|gb|AC148935.6|	77.86	393	42	29	588	957	35929	36299	2e-47	202
Oe6_s09260	gi|89145479|gb|AC149092.6|	76.76	822	121	34	225	1020	25458	26235	1e-105	396
Oe6_s09260	gi|89145479|gb|AC149092.6|	77.32	710	101	28	274	959	13965	14638	3e-96	364
Oe6_s09260	gi|89145479|gb|AC149092.6|	78.19	596	89	21	7	566	9860	10450	1e-89	342
Oe6_s09260	gi|89145479|gb|AC149092.6|	77.44	554	86	23	698	1243	25464	25986	4e-75	294
Oe6_s09260	gi|88595431|gb|AC161019.3|	76.76	822	121	34	225	1020	110032	109255	1e-105	396
Oe6_s09260	gi|88595431|gb|AC161019.3|	77.32	710	101	27	274	959	121525	120852	3e-96	364
Oe6_s09260	gi|88595431|gb|AC161019.3|	78.19	596	89	21	7	566	125630	125040	1e-89	342
Oe6_s09260	gi|88595431|gb|AC161019.3|	77.44	554	86	23	698	1243	110026	109504	4e-75	294
Oe6_s09260	gi|1384141|gb|U58662.1|HSU58662	97.29	221	5	1	1	220	239	19	4e-99	374
Oe6_s09260	gi|1384141|gb|U58662.1|HSU58662	90.32	93	6	1	3	92	93	1	2e-22	119
Oe6_s09260	gi|11544736|emb|AJ302782.1|	96.50	200	7	0	1	200	207	8	3e-86	331
Oe6_s09260	gi|11544736|emb|AJ302782.1|	78.16	174	29	6	1058	1231	231	67	2e-17	102
Oe6_s09260	gi|485043559|dbj|AB761671.1|	90.37	187	18	0	1	187	187	1	1e-60	246
Oe6_s09260	gi|1059793733|gb|AH001536.2|	93.53	139	2	3	387	525	1	132	8e-47	200
Oe6_s09260	gi|1059793733|gb|AH001536.2|	98.61	72	0	1	1008	1078	236	307	1e-24	126
Oe6_s09260	gi|10046807|emb|AJ297108.1|	100.00	103	0	0	307	409	103	1	5e-44	191
Oe6_s09260	gi|841777475|emb|LK097426.1|	98.92	93	1	0	354	446	704	796	8e-37	167
Oe6_s09260	gi|225313523|dbj|AK327468.1|	91.07	112	10	0	1	112	147	258	2e-32	152
Oe6_s09260	gi|270134301|gb|BT101253.1|	91.18	102	9	0	33	134	1	102	2e-28	139
Oe6_s09260	gi|36341|emb|X03460.1|	100.00	57	0	0	1119	1175	3	59	2e-18	106
Oe6_s09260	gi|1149048340|gb|KY503368.1|	85.00	80	11	1	1	80	81	3	1e-10	80.5
