Oe6_s00435	gi|12054837|emb|AJ243943.1|	89.61	154	16	0	140111	140264	4	157	1e-43	196
Oe6_s00435	gi|12054837|emb|AJ243943.1|	89.17	157	16	1	80867	81022	1	157	5e-43	195
Oe6_s00435	gi|12054837|emb|AJ243943.1|	88.96	154	17	0	140191	140344	4	157	6e-42	191
Oe6_s00435	gi|12054837|emb|AJ243943.1|	88.39	155	17	1	41656	41810	4	157	3e-40	185
Oe6_s00435	gi|12054837|emb|AJ243943.1|	88.31	154	18	0	44141	44294	4	157	3e-40	185
Oe6_s00435	gi|12054837|emb|AJ243943.1|	88.31	154	17	1	30619	30771	4	157	1e-39	183
Oe6_s00435	gi|12054837|emb|AJ243943.1|	88.24	153	18	0	117411	117563	4	156	1e-39	183
Oe6_s00435	gi|12054837|emb|AJ243943.1|	87.74	155	19	0	60889	61043	4	158	4e-39	182
Oe6_s00435	gi|12054837|emb|AJ243943.1|	91.60	131	11	0	47027	47157	6	136	4e-39	182
Oe6_s00435	gi|12054837|emb|AJ243943.1|	87.66	154	19	0	62744	62897	4	157	1e-38	180
Oe6_s00435	gi|12054837|emb|AJ243943.1|	87.66	154	19	0	74932	75085	4	157	1e-38	180
Oe6_s00435	gi|12054837|emb|AJ243943.1|	87.74	155	18	1	80709	80863	4	157	1e-38	180
Oe6_s00435	gi|12054837|emb|AJ243943.1|	87.66	154	17	2	25573	25724	4	157	5e-38	178
Oe6_s00435	gi|12054837|emb|AJ243943.1|	87.18	156	17	3	116294	116447	4	158	6e-37	174
Oe6_s00435	gi|12054837|emb|AJ243943.1|	87.10	155	18	2	14924	15077	4	157	6e-37	174
Oe6_s00435	gi|12054837|emb|AJ243943.1|	87.01	154	20	0	66579	66732	4	157	6e-37	174
Oe6_s00435	gi|12054837|emb|AJ243943.1|	87.01	154	20	0	7453	7606	157	4	6e-37	174
Oe6_s00435	gi|12054837|emb|AJ243943.1|	87.01	154	19	1	64264	64416	4	157	2e-36	172
Oe6_s00435	gi|12054837|emb|AJ243943.1|	86.93	153	20	0	89600	89752	4	156	2e-36	172
Oe6_s00435	gi|12054837|emb|AJ243943.1|	86.93	153	18	2	70622	70773	6	157	8e-36	171
Oe6_s00435	gi|12054837|emb|AJ243943.1|	86.36	154	21	0	45500	45653	4	157	3e-35	169
Oe6_s00435	gi|12054837|emb|AJ243943.1|	86.36	154	21	0	118930	119083	4	157	3e-35	169
Oe6_s00435	gi|12054837|emb|AJ243943.1|	89.47	133	14	0	67617	67749	4	136	3e-35	169
Oe6_s00435	gi|12054837|emb|AJ243943.1|	86.75	151	20	0	42378	42528	6	156	3e-35	169
Oe6_s00435	gi|12054837|emb|AJ243943.1|	86.75	151	20	0	52969	53119	6	156	3e-35	169
Oe6_s00435	gi|12054837|emb|AJ243943.1|	87.94	141	17	0	36552	36692	15	155	1e-34	167
Oe6_s00435	gi|12054837|emb|AJ243943.1|	85.81	155	20	2	154490	154643	4	157	1e-33	163
Oe6_s00435	gi|12054837|emb|AJ243943.1|	84.42	154	24	0	94629	94782	4	157	3e-30	152
Oe6_s00435	gi|12054837|emb|AJ243943.1|	84.42	154	23	1	65222	65374	4	157	1e-29	150
Oe6_s00435	gi|12054837|emb|AJ243943.1|	89.57	115	12	0	81428	81542	1	115	1e-28	147
Oe6_s00435	gi|12054837|emb|AJ243943.1|	83.87	155	23	2	151138	151291	4	157	1e-28	147
Oe6_s00435	gi|12054837|emb|AJ243943.1|	85.51	138	20	0	12216	12353	20	157	5e-28	145
Oe6_s00435	gi|12054837|emb|AJ243943.1|	83.12	154	26	0	44701	44854	4	157	6e-27	141
Oe6_s00435	gi|12054837|emb|AJ243943.1|	83.55	152	24	1	40300	40451	7	157	6e-27	141
Oe6_s00435	gi|12054837|emb|AJ243943.1|	84.89	139	21	0	51046	51184	19	157	6e-27	141
Oe6_s00435	gi|12054837|emb|AJ243943.1|	82.91	158	21	4	135474	135629	4	157	8e-26	137
Oe6_s00435	gi|12054837|emb|AJ243943.1|	83.01	153	25	1	138514	138665	4	156	8e-26	137
Oe6_s00435	gi|12054837|emb|AJ243943.1|	82.47	154	27	0	88081	88234	4	157	3e-25	135
Oe6_s00435	gi|12054837|emb|AJ243943.1|	82.58	155	25	2	88881	89034	4	157	3e-25	135
Oe6_s00435	gi|12054837|emb|AJ243943.1|	81.82	154	28	0	65381	65534	4	157	1e-23	130
Oe6_s00435	gi|12054837|emb|AJ243943.1|	82.24	152	26	1	144347	144497	4	155	1e-23	130
Oe6_s00435	gi|12054837|emb|AJ243943.1|	82.24	152	26	1	35902	36053	7	157	1e-23	130
Oe6_s00435	gi|12054837|emb|AJ243943.1|	81.17	154	29	0	30140	30293	4	157	7e-22	124
Oe6_s00435	gi|12054837|emb|AJ243943.1|	80.52	154	29	1	52068	52220	4	157	1e-19	117
Oe6_s00435	gi|12054837|emb|AJ243943.1|	81.46	151	20	4	71661	71803	7	157	1e-19	117
Oe6_s00435	gi|12054837|emb|AJ243943.1|	91.89	74	6	0	112946	113019	4	77	9e-16	104
Oe6_s00435	gi|1228936319|ref|XM_022162004.1|	78.41	176	38	0	62462	62637	2505	2680	4e-19	115
Oe6_s00435	gi|12054838|emb|AJ243944.1|	94.59	74	4	0	25573	25646	3	76	4e-19	115
Oe6_s00435	gi|12054838|emb|AJ243944.1|	93.42	76	5	0	81429	81504	1	76	1e-18	113
Oe6_s00435	gi|12054838|emb|AJ243944.1|	93.33	75	5	0	14206	14280	3	77	5e-18	111
Oe6_s00435	gi|12054838|emb|AJ243944.1|	93.33	75	5	0	64264	64338	3	77	5e-18	111
Oe6_s00435	gi|12054838|emb|AJ243944.1|	93.33	75	5	0	66579	66653	3	77	5e-18	111
Oe6_s00435	gi|12054838|emb|AJ243944.1|	93.24	74	5	0	41656	41729	3	76	2e-17	110
Oe6_s00435	gi|12054838|emb|AJ243944.1|	93.24	74	5	0	63304	63377	3	76	2e-17	110
Oe6_s00435	gi|12054838|emb|AJ243944.1|	93.24	74	5	0	112946	113019	3	76	2e-17	110
Oe6_s00435	gi|12054838|emb|AJ243944.1|	92.00	75	6	0	29742	29816	3	77	2e-16	106
Oe6_s00435	gi|12054838|emb|AJ243944.1|	92.00	75	6	0	140351	140425	3	77	2e-16	106
Oe6_s00435	gi|12054838|emb|AJ243944.1|	93.06	72	5	0	29184	29255	5	76	2e-16	106
Oe6_s00435	gi|12054838|emb|AJ243944.1|	93.06	72	5	0	47027	47098	5	76	2e-16	106
Oe6_s00435	gi|12054838|emb|AJ243944.1|	91.89	74	6	0	15084	15157	3	76	9e-16	104
Oe6_s00435	gi|12054838|emb|AJ243944.1|	92.00	75	5	1	16289	16363	3	76	9e-16	104
Oe6_s00435	gi|12054838|emb|AJ243944.1|	91.89	74	6	0	20612	20685	3	76	9e-16	104
Oe6_s00435	gi|12054838|emb|AJ243944.1|	91.89	74	6	0	23662	23735	3	76	9e-16	104
Oe6_s00435	gi|12054838|emb|AJ243944.1|	91.89	74	6	0	24299	24372	3	76	9e-16	104
Oe6_s00435	gi|12054838|emb|AJ243944.1|	91.89	74	6	0	30300	30373	3	76	9e-16	104
Oe6_s00435	gi|12054838|emb|AJ243944.1|	91.89	74	6	0	30698	30771	3	76	9e-16	104
Oe6_s00435	gi|12054838|emb|AJ243944.1|	91.89	74	6	0	45340	45413	3	76	9e-16	104
Oe6_s00435	gi|12054838|emb|AJ243944.1|	91.89	74	6	0	56178	56251	3	76	9e-16	104
Oe6_s00435	gi|12054838|emb|AJ243944.1|	91.89	74	6	0	58494	58567	3	76	9e-16	104
Oe6_s00435	gi|12054838|emb|AJ243944.1|	91.89	74	6	0	62744	62817	3	76	9e-16	104
Oe6_s00435	gi|12054838|emb|AJ243944.1|	91.89	74	6	0	84896	84969	3	76	9e-16	104
Oe6_s00435	gi|12054838|emb|AJ243944.1|	91.89	74	6	0	84976	85049	3	76	9e-16	104
Oe6_s00435	gi|12054838|emb|AJ243944.1|	91.89	74	6	0	85056	85129	3	76	9e-16	104
Oe6_s00435	gi|12054838|emb|AJ243944.1|	91.89	74	6	0	85216	85289	3	76	9e-16	104
Oe6_s00435	gi|12054838|emb|AJ243944.1|	91.89	74	6	0	89600	89673	3	76	9e-16	104
Oe6_s00435	gi|12054838|emb|AJ243944.1|	92.00	75	5	1	97027	97101	3	76	9e-16	104
Oe6_s00435	gi|12054838|emb|AJ243944.1|	91.89	74	6	0	99743	99816	3	76	9e-16	104
Oe6_s00435	gi|12054838|emb|AJ243944.1|	91.89	74	6	0	108795	108868	3	76	9e-16	104
Oe6_s00435	gi|12054838|emb|AJ243944.1|	91.89	74	6	0	114539	114612	3	76	9e-16	104
Oe6_s00435	gi|12054838|emb|AJ243944.1|	91.89	74	6	0	115974	116047	3	76	9e-16	104
Oe6_s00435	gi|12054838|emb|AJ243944.1|	91.89	74	6	0	117411	117484	3	76	9e-16	104
Oe6_s00435	gi|12054838|emb|AJ243944.1|	91.89	74	6	0	121721	121794	3	76	9e-16	104
Oe6_s00435	gi|12054838|emb|AJ243944.1|	92.00	75	5	1	126275	126349	3	76	9e-16	104
Oe6_s00435	gi|12054838|emb|AJ243944.1|	91.89	74	6	0	132509	132582	3	76	9e-16	104
Oe6_s00435	gi|12054838|emb|AJ243944.1|	91.89	74	6	0	140111	140184	3	76	9e-16	104
Oe6_s00435	gi|12054838|emb|AJ243944.1|	91.89	74	6	0	140271	140344	3	76	9e-16	104
Oe6_s00435	gi|12054838|emb|AJ243944.1|	91.89	74	6	0	147623	147696	3	76	9e-16	104
Oe6_s00435	gi|12054838|emb|AJ243944.1|	90.79	76	7	0	87531	87606	1	76	3e-15	102
Oe6_s00435	gi|12054838|emb|AJ243944.1|	91.89	74	5	1	14765	14837	3	76	3e-15	102
Oe6_s00435	gi|12054838|emb|AJ243944.1|	91.89	74	4	2	125796	125867	3	76	3e-15	102
Oe6_s00435	gi|12054838|emb|AJ243944.1|	90.67	75	7	0	12924	12998	3	77	1e-14	100
Oe6_s00435	gi|12054838|emb|AJ243944.1|	90.67	75	7	0	32539	32613	3	77	1e-14	100
Oe6_s00435	gi|12054838|emb|AJ243944.1|	90.67	75	7	0	86974	87048	3	77	1e-14	100
Oe6_s00435	gi|12054838|emb|AJ243944.1|	90.67	75	7	0	106088	106162	3	77	1e-14	100
Oe6_s00435	gi|12054838|emb|AJ243944.1|	90.67	75	7	0	123718	123792	3	77	1e-14	100
Oe6_s00435	gi|12054838|emb|AJ243944.1|	91.78	73	5	1	18213	18284	3	75	1e-14	100
Oe6_s00435	gi|12054838|emb|AJ243944.1|	91.78	73	5	1	34223	34294	3	75	1e-14	100
Oe6_s00435	gi|12054838|emb|AJ243944.1|	91.78	73	5	1	145545	145616	3	75	1e-14	100
Oe6_s00435	gi|12054838|emb|AJ243944.1|	91.67	72	6	0	35342	35413	5	76	1e-14	100
Oe6_s00435	gi|12054838|emb|AJ243944.1|	91.67	72	6	0	41099	41170	5	76	1e-14	100
Oe6_s00435	gi|12054838|emb|AJ243944.1|	91.67	72	6	0	55297	55368	5	76	1e-14	100
Oe6_s00435	gi|12054838|emb|AJ243944.1|	91.67	72	6	0	65702	65773	5	76	1e-14	100
Oe6_s00435	gi|12054838|emb|AJ243944.1|	91.67	72	6	0	73734	73805	5	76	1e-14	100
Oe6_s00435	gi|12054838|emb|AJ243944.1|	91.67	72	6	0	75412	75483	5	76	1e-14	100
Oe6_s00435	gi|12054838|emb|AJ243944.1|	91.67	72	6	0	101582	101653	5	76	1e-14	100
Oe6_s00435	gi|12054838|emb|AJ243944.1|	91.67	72	6	0	108009	108080	5	76	1e-14	100
Oe6_s00435	gi|12054838|emb|AJ243944.1|	91.67	72	6	0	112469	112540	5	76	1e-14	100
Oe6_s00435	gi|12054838|emb|AJ243944.1|	91.67	72	6	0	118852	118923	5	76	1e-14	100
Oe6_s00435	gi|12054838|emb|AJ243944.1|	91.67	72	6	0	122043	122114	5	76	1e-14	100
Oe6_s00435	gi|12054838|emb|AJ243944.1|	91.67	72	6	0	139953	140024	5	76	1e-14	100
Oe6_s00435	gi|12054838|emb|AJ243944.1|	92.75	69	5	0	70622	70690	5	73	1e-14	100
Oe6_s00435	gi|12054838|emb|AJ243944.1|	89.61	77	8	0	87052	87128	1	77	4e-14	99.0
Oe6_s00435	gi|12054838|emb|AJ243944.1|	90.67	75	6	1	100941	101014	3	77	4e-14	99.0
Oe6_s00435	gi|12054838|emb|AJ243944.1|	90.54	74	7	0	13004	13077	3	76	4e-14	99.0
Oe6_s00435	gi|12054838|emb|AJ243944.1|	90.54	74	7	0	15646	15719	3	76	4e-14	99.0
Oe6_s00435	gi|12054838|emb|AJ243944.1|	90.67	75	6	1	17652	17726	3	76	4e-14	99.0
Oe6_s00435	gi|12054838|emb|AJ243944.1|	90.67	75	6	1	22054	22128	3	76	4e-14	99.0
Oe6_s00435	gi|12054838|emb|AJ243944.1|	90.67	75	6	1	23421	23495	3	76	4e-14	99.0
Oe6_s00435	gi|12054838|emb|AJ243944.1|	90.54	74	7	0	24697	24770	3	76	4e-14	99.0
Oe6_s00435	gi|12054838|emb|AJ243944.1|	90.54	74	7	0	24777	24850	3	76	4e-14	99.0
Oe6_s00435	gi|12054838|emb|AJ243944.1|	90.54	74	7	0	33103	33176	3	76	4e-14	99.0
Oe6_s00435	gi|12054838|emb|AJ243944.1|	90.67	75	6	1	33183	33257	3	76	4e-14	99.0
Oe6_s00435	gi|12054838|emb|AJ243944.1|	90.54	74	7	0	36939	37012	3	76	4e-14	99.0
Oe6_s00435	gi|12054838|emb|AJ243944.1|	90.54	74	7	0	38219	38292	3	76	4e-14	99.0
Oe6_s00435	gi|12054838|emb|AJ243944.1|	90.54	74	7	0	38458	38531	3	76	4e-14	99.0
Oe6_s00435	gi|12054838|emb|AJ243944.1|	90.67	75	6	1	40936	41010	3	76	4e-14	99.0
Oe6_s00435	gi|12054838|emb|AJ243944.1|	90.54	74	7	0	45901	45974	3	76	4e-14	99.0
Oe6_s00435	gi|12054838|emb|AJ243944.1|	90.54	74	7	0	50951	51024	3	76	4e-14	99.0
Oe6_s00435	gi|12054838|emb|AJ243944.1|	90.54	74	7	0	55054	55127	3	76	4e-14	99.0
Oe6_s00435	gi|12054838|emb|AJ243944.1|	90.67	75	6	1	58972	59046	3	76	4e-14	99.0
Oe6_s00435	gi|12054838|emb|AJ243944.1|	90.54	74	7	0	80709	80782	3	76	4e-14	99.0
Oe6_s00435	gi|12054838|emb|AJ243944.1|	90.54	74	7	0	85536	85609	3	76	4e-14	99.0
Oe6_s00435	gi|12054838|emb|AJ243944.1|	90.54	74	7	0	94948	95021	3	76	4e-14	99.0
Oe6_s00435	gi|12054838|emb|AJ243944.1|	90.67	75	6	1	122677	122751	3	76	4e-14	99.0
Oe6_s00435	gi|12054838|emb|AJ243944.1|	90.54	74	7	0	125317	125390	3	76	4e-14	99.0
Oe6_s00435	gi|12054838|emb|AJ243944.1|	90.54	74	7	0	134994	135067	3	76	4e-14	99.0
Oe6_s00435	gi|12054838|emb|AJ243944.1|	90.54	74	7	0	140750	140823	3	76	4e-14	99.0
Oe6_s00435	gi|12054838|emb|AJ243944.1|	90.54	74	7	0	141070	141143	3	76	4e-14	99.0
Oe6_s00435	gi|12054838|emb|AJ243944.1|	90.67	75	6	1	143627	143701	3	76	4e-14	99.0
Oe6_s00435	gi|12054838|emb|AJ243944.1|	90.54	74	7	0	155847	155920	3	76	4e-14	99.0
Oe6_s00435	gi|12054838|emb|AJ243944.1|	90.67	75	6	1	157767	157841	3	76	4e-14	99.0
Oe6_s00435	gi|12054838|emb|AJ243944.1|	91.67	72	5	1	76851	76921	5	76	4e-14	99.0
Oe6_s00435	gi|12054838|emb|AJ243944.1|	91.55	71	6	0	106651	106721	5	75	4e-14	99.0
Oe6_s00435	gi|12054838|emb|AJ243944.1|	89.61	77	7	1	52387	52462	3	79	1e-13	97.1
Oe6_s00435	gi|12054838|emb|AJ243944.1|	90.54	74	6	1	14924	14996	3	76	1e-13	97.1
Oe6_s00435	gi|12054838|emb|AJ243944.1|	90.54	74	6	1	30619	30691	3	76	1e-13	97.1
Oe6_s00435	gi|12054838|emb|AJ243944.1|	90.54	74	6	1	40697	40769	3	76	1e-13	97.1
Oe6_s00435	gi|12054838|emb|AJ243944.1|	90.54	74	6	1	78128	78200	3	76	1e-13	97.1
Oe6_s00435	gi|12054838|emb|AJ243944.1|	90.54	74	5	2	122519	122590	3	76	1e-13	97.1
Oe6_s00435	gi|12054838|emb|AJ243944.1|	90.54	74	6	1	131630	131702	3	76	1e-13	97.1
Oe6_s00435	gi|12054838|emb|AJ243944.1|	90.54	74	6	1	135795	135867	3	76	1e-13	97.1
Oe6_s00435	gi|12054838|emb|AJ243944.1|	90.54	74	6	1	136512	136584	3	76	1e-13	97.1
Oe6_s00435	gi|12054838|emb|AJ243944.1|	90.41	73	7	0	21654	21726	3	75	1e-13	97.1
Oe6_s00435	gi|12054838|emb|AJ243944.1|	90.41	73	7	0	61769	61841	3	75	1e-13	97.1
Oe6_s00435	gi|12054838|emb|AJ243944.1|	90.41	73	7	0	67218	67290	3	75	1e-13	97.1
Oe6_s00435	gi|12054838|emb|AJ243944.1|	90.41	73	7	0	75650	75722	3	75	1e-13	97.1
Oe6_s00435	gi|12054838|emb|AJ243944.1|	90.41	73	7	0	77248	77320	3	75	1e-13	97.1
Oe6_s00435	gi|12054838|emb|AJ243944.1|	90.41	73	7	0	146503	146575	3	75	1e-13	97.1
Oe6_s00435	gi|12054838|emb|AJ243944.1|	90.41	73	7	0	75572	75644	5	77	1e-13	97.1
Oe6_s00435	gi|12054838|emb|AJ243944.1|	91.43	70	6	0	23826	23895	7	76	1e-13	97.1
Oe6_s00435	gi|12054838|emb|AJ243944.1|	91.43	70	6	0	145309	145378	7	76	1e-13	97.1
Oe6_s00435	gi|12054838|emb|AJ243944.1|	89.33	75	8	0	12603	12677	3	77	5e-13	95.3
Oe6_s00435	gi|12054838|emb|AJ243944.1|	89.33	75	8	0	19332	19406	3	77	5e-13	95.3
Oe6_s00435	gi|12054838|emb|AJ243944.1|	89.33	75	8	0	29421	29495	3	77	5e-13	95.3
Oe6_s00435	gi|12054838|emb|AJ243944.1|	89.33	75	8	0	31258	31332	3	77	5e-13	95.3
Oe6_s00435	gi|12054838|emb|AJ243944.1|	89.33	75	8	0	34382	34456	3	77	5e-13	95.3
Oe6_s00435	gi|12054838|emb|AJ243944.1|	89.33	75	8	0	42695	42769	3	77	5e-13	95.3
Oe6_s00435	gi|12054838|emb|AJ243944.1|	89.33	75	8	0	67617	67691	3	77	5e-13	95.3
Oe6_s00435	gi|12054838|emb|AJ243944.1|	89.61	77	4	4	70780	70854	3	77	5e-13	95.3
Oe6_s00435	gi|12054838|emb|AJ243944.1|	89.33	75	8	0	94309	94383	3	77	5e-13	95.3
Oe6_s00435	gi|12054838|emb|AJ243944.1|	89.33	75	8	0	95028	95102	3	77	5e-13	95.3
Oe6_s00435	gi|12054838|emb|AJ243944.1|	89.33	75	8	0	117891	117965	3	77	5e-13	95.3
Oe6_s00435	gi|12054838|emb|AJ243944.1|	89.33	75	8	0	130591	130665	3	77	5e-13	95.3
Oe6_s00435	gi|12054838|emb|AJ243944.1|	89.33	75	8	0	138753	138827	3	77	5e-13	95.3
Oe6_s00435	gi|12054838|emb|AJ243944.1|	89.33	75	8	0	142271	142345	3	77	5e-13	95.3
Oe6_s00435	gi|12054838|emb|AJ243944.1|	89.33	75	8	0	145944	146018	3	77	5e-13	95.3
Oe6_s00435	gi|12054838|emb|AJ243944.1|	90.41	73	6	1	17573	17644	3	75	5e-13	95.3
Oe6_s00435	gi|12054838|emb|AJ243944.1|	90.41	73	6	1	51430	51501	3	75	5e-13	95.3
Oe6_s00435	gi|12054838|emb|AJ243944.1|	90.41	73	6	1	53528	53599	3	75	5e-13	95.3
Oe6_s00435	gi|12054838|emb|AJ243944.1|	90.28	72	7	0	36621	36692	3	74	5e-13	95.3
Oe6_s00435	gi|12054838|emb|AJ243944.1|	90.28	72	7	0	63224	63295	3	74	5e-13	95.3
Oe6_s00435	gi|12054838|emb|AJ243944.1|	90.28	72	7	0	64184	64255	3	74	5e-13	95.3
Oe6_s00435	gi|12054838|emb|AJ243944.1|	89.33	75	8	0	140672	140746	5	79	5e-13	95.3
Oe6_s00435	gi|12054838|emb|AJ243944.1|	90.28	72	7	0	26615	26686	5	76	5e-13	95.3
Oe6_s00435	gi|12054838|emb|AJ243944.1|	90.28	72	7	0	28624	28695	5	76	5e-13	95.3
Oe6_s00435	gi|12054838|emb|AJ243944.1|	90.28	72	7	0	42219	42290	5	76	5e-13	95.3
Oe6_s00435	gi|12054838|emb|AJ243944.1|	90.28	72	7	0	45182	45253	5	76	5e-13	95.3
Oe6_s00435	gi|12054838|emb|AJ243944.1|	90.28	72	7	0	66820	66891	5	76	5e-13	95.3
Oe6_s00435	gi|12054838|emb|AJ243944.1|	90.28	72	7	0	75172	75243	5	76	5e-13	95.3
Oe6_s00435	gi|12054838|emb|AJ243944.1|	90.28	72	7	0	77170	77241	5	76	5e-13	95.3
Oe6_s00435	gi|12054838|emb|AJ243944.1|	90.28	72	7	0	88323	88394	5	76	5e-13	95.3
Oe6_s00435	gi|12054838|emb|AJ243944.1|	90.28	72	7	0	96388	96459	5	76	5e-13	95.3
Oe6_s00435	gi|12054838|emb|AJ243944.1|	90.28	72	7	0	103257	103328	5	76	5e-13	95.3
Oe6_s00435	gi|12054838|emb|AJ243944.1|	90.28	72	7	0	109195	109266	5	76	5e-13	95.3
Oe6_s00435	gi|12054838|emb|AJ243944.1|	90.28	72	7	0	111750	111821	5	76	5e-13	95.3
Oe6_s00435	gi|12054838|emb|AJ243944.1|	90.28	72	7	0	133484	133555	5	76	5e-13	95.3
Oe6_s00435	gi|12054838|emb|AJ243944.1|	90.28	72	7	0	133963	134034	5	76	5e-13	95.3
Oe6_s00435	gi|12054838|emb|AJ243944.1|	90.28	72	7	0	138675	138746	5	76	5e-13	95.3
Oe6_s00435	gi|12054838|emb|AJ243944.1|	90.28	72	7	0	139474	139545	5	76	5e-13	95.3
Oe6_s00435	gi|12054838|emb|AJ243944.1|	90.28	72	7	0	140992	141063	5	76	5e-13	95.3
Oe6_s00435	gi|12054838|emb|AJ243944.1|	90.28	72	7	0	150338	150409	5	76	5e-13	95.3
Oe6_s00435	gi|12054838|emb|AJ243944.1|	90.28	72	7	0	156730	156801	5	76	5e-13	95.3
Oe6_s00435	gi|12054838|emb|AJ243944.1|	91.30	69	6	0	70308	70376	8	76	5e-13	95.3
Oe6_s00435	gi|12054838|emb|AJ243944.1|	88.31	77	9	0	140429	140505	1	77	2e-12	93.5
Oe6_s00435	gi|12054838|emb|AJ243944.1|	88.46	78	8	1	11916	11993	77	1	2e-12	93.5
Oe6_s00435	gi|12054838|emb|AJ243944.1|	89.33	75	7	1	15003	15077	3	76	2e-12	93.5
Oe6_s00435	gi|12054838|emb|AJ243944.1|	89.19	74	8	0	15405	15478	3	76	2e-12	93.5
Oe6_s00435	gi|12054838|emb|AJ243944.1|	89.19	74	8	0	16209	16282	3	76	2e-12	93.5
Oe6_s00435	gi|12054838|emb|AJ243944.1|	89.19	74	8	0	19015	19088	3	76	2e-12	93.5
Oe6_s00435	gi|12054838|emb|AJ243944.1|	89.19	74	8	0	25175	25248	3	76	2e-12	93.5
Oe6_s00435	gi|12054838|emb|AJ243944.1|	89.19	74	8	0	28381	28454	3	76	2e-12	93.5
Oe6_s00435	gi|12054838|emb|AJ243944.1|	89.19	74	8	0	30539	30612	3	76	2e-12	93.5
Oe6_s00435	gi|12054838|emb|AJ243944.1|	89.33	75	7	1	31578	31652	3	76	2e-12	93.5
Oe6_s00435	gi|12054838|emb|AJ243944.1|	89.19	74	8	0	34700	34773	3	76	2e-12	93.5
Oe6_s00435	gi|12054838|emb|AJ243944.1|	89.19	74	8	0	36701	36774	3	76	2e-12	93.5
Oe6_s00435	gi|12054838|emb|AJ243944.1|	89.19	74	8	0	40057	40130	3	76	2e-12	93.5
Oe6_s00435	gi|12054838|emb|AJ243944.1|	89.19	74	8	0	45260	45333	3	76	2e-12	93.5
Oe6_s00435	gi|12054838|emb|AJ243944.1|	89.33	75	7	1	46303	46377	3	76	2e-12	93.5
Oe6_s00435	gi|12054838|emb|AJ243944.1|	89.19	74	8	0	55695	55768	3	76	2e-12	93.5
Oe6_s00435	gi|12054838|emb|AJ243944.1|	89.19	74	8	0	56735	56808	3	76	2e-12	93.5
Oe6_s00435	gi|12054838|emb|AJ243944.1|	89.19	74	8	0	61049	61122	3	76	2e-12	93.5
Oe6_s00435	gi|12054838|emb|AJ243944.1|	89.19	74	8	0	66898	66971	3	76	2e-12	93.5
Oe6_s00435	gi|12054838|emb|AJ243944.1|	89.19	74	8	0	69134	69207	3	76	2e-12	93.5
Oe6_s00435	gi|12054838|emb|AJ243944.1|	89.19	74	8	0	73092	73165	3	76	2e-12	93.5
Oe6_s00435	gi|12054838|emb|AJ243944.1|	89.19	74	8	0	73812	73885	3	76	2e-12	93.5
Oe6_s00435	gi|12054838|emb|AJ243944.1|	89.19	74	8	0	75250	75323	3	76	2e-12	93.5
Oe6_s00435	gi|12054838|emb|AJ243944.1|	89.19	74	8	0	75490	75563	3	76	2e-12	93.5
Oe6_s00435	gi|12054838|emb|AJ243944.1|	89.19	74	8	0	77008	77081	3	76	2e-12	93.5
Oe6_s00435	gi|12054838|emb|AJ243944.1|	89.19	74	8	0	85456	85529	3	76	2e-12	93.5
Oe6_s00435	gi|12054838|emb|AJ243944.1|	89.19	74	8	0	85777	85850	3	76	2e-12	93.5
Oe6_s00435	gi|12054838|emb|AJ243944.1|	89.19	74	8	0	86894	86967	3	76	2e-12	93.5
Oe6_s00435	gi|12054838|emb|AJ243944.1|	89.19	74	8	0	96546	96619	3	76	2e-12	93.5
Oe6_s00435	gi|12054838|emb|AJ243944.1|	89.19	74	8	0	101259	101332	3	76	2e-12	93.5
Oe6_s00435	gi|12054838|emb|AJ243944.1|	89.19	74	8	0	102218	102291	3	76	2e-12	93.5
Oe6_s00435	gi|12054838|emb|AJ243944.1|	89.19	74	8	0	109353	109426	3	76	2e-12	93.5
Oe6_s00435	gi|12054838|emb|AJ243944.1|	89.19	74	8	0	115416	115489	3	76	2e-12	93.5
Oe6_s00435	gi|12054838|emb|AJ243944.1|	89.33	75	7	1	116611	116685	3	76	2e-12	93.5
Oe6_s00435	gi|12054838|emb|AJ243944.1|	89.19	74	8	0	124438	124511	3	76	2e-12	93.5
Oe6_s00435	gi|12054838|emb|AJ243944.1|	89.19	74	8	0	126995	127068	3	76	2e-12	93.5
Oe6_s00435	gi|12054838|emb|AJ243944.1|	89.33	75	7	1	129793	129867	3	76	2e-12	93.5
Oe6_s00435	gi|12054838|emb|AJ243944.1|	89.19	74	8	0	131949	132022	3	76	2e-12	93.5
Oe6_s00435	gi|12054838|emb|AJ243944.1|	89.33	75	7	1	141950	142024	3	76	2e-12	93.5
Oe6_s00435	gi|12054838|emb|AJ243944.1|	89.33	75	7	1	144026	144100	3	76	2e-12	93.5
Oe6_s00435	gi|12054838|emb|AJ243944.1|	89.19	74	8	0	144666	144739	3	76	2e-12	93.5
Oe6_s00435	gi|12054838|emb|AJ243944.1|	89.19	74	8	0	156168	156241	3	76	2e-12	93.5
Oe6_s00435	gi|12054838|emb|AJ243944.1|	89.19	74	8	0	157048	157121	3	76	2e-12	93.5
Oe6_s00435	gi|12054838|emb|AJ243944.1|	90.28	72	6	1	51829	51899	3	74	2e-12	93.5
Oe6_s00435	gi|12054838|emb|AJ243944.1|	90.14	71	7	0	72291	72361	3	73	2e-12	93.5
Oe6_s00435	gi|12054838|emb|AJ243944.1|	90.28	72	6	1	93594	93664	5	76	2e-12	93.5
Oe6_s00435	gi|12054838|emb|AJ243944.1|	88.31	77	8	1	87611	87686	1	77	7e-12	91.6
Oe6_s00435	gi|12054838|emb|AJ243944.1|	88.16	76	9	0	38057	38132	1	76	7e-12	91.6
Oe6_s00435	gi|12054838|emb|AJ243944.1|	88.31	77	7	2	42294	42369	1	76	7e-12	91.6
Oe6_s00435	gi|12054838|emb|AJ243944.1|	88.31	77	7	2	52885	52960	1	76	7e-12	91.6
Oe6_s00435	gi|12054838|emb|AJ243944.1|	96.36	55	2	0	47103	47157	1	55	7e-12	91.6
Oe6_s00435	gi|12054838|emb|AJ243944.1|	89.19	74	7	1	21095	21167	3	76	7e-12	91.6
Oe6_s00435	gi|12054838|emb|AJ243944.1|	89.19	74	7	1	99105	99177	3	76	7e-12	91.6
Oe6_s00435	gi|12054838|emb|AJ243944.1|	89.19	74	7	1	121085	121157	3	76	7e-12	91.6
Oe6_s00435	gi|12054838|emb|AJ243944.1|	89.19	74	7	1	135314	135386	3	76	7e-12	91.6
Oe6_s00435	gi|12054838|emb|AJ243944.1|	89.04	73	8	0	22135	22207	3	75	7e-12	91.6
Oe6_s00435	gi|12054838|emb|AJ243944.1|	89.04	73	8	0	35260	35332	3	75	7e-12	91.6
Oe6_s00435	gi|12054838|emb|AJ243944.1|	89.04	73	8	0	38139	38211	3	75	7e-12	91.6
Oe6_s00435	gi|12054838|emb|AJ243944.1|	89.04	73	8	0	43659	43731	3	75	7e-12	91.6
Oe6_s00435	gi|12054838|emb|AJ243944.1|	89.04	73	8	0	53366	53438	3	75	7e-12	91.6
Oe6_s00435	gi|12054838|emb|AJ243944.1|	89.04	73	8	0	55215	55287	3	75	7e-12	91.6
Oe6_s00435	gi|12054838|emb|AJ243944.1|	89.04	73	8	0	63864	63936	3	75	7e-12	91.6
Oe6_s00435	gi|12054838|emb|AJ243944.1|	89.04	73	8	0	86575	86647	3	75	7e-12	91.6
Oe6_s00435	gi|12054838|emb|AJ243944.1|	89.04	73	8	0	154650	154722	3	75	7e-12	91.6
Oe6_s00435	gi|12054838|emb|AJ243944.1|	89.04	73	8	0	158326	158398	3	75	7e-12	91.6
Oe6_s00435	gi|12054838|emb|AJ243944.1|	90.14	71	6	1	16851	16920	5	75	7e-12	91.6
Oe6_s00435	gi|12054838|emb|AJ243944.1|	90.00	70	7	0	111833	111902	8	77	7e-12	91.6
Oe6_s00435	gi|12054838|emb|AJ243944.1|	88.00	75	9	0	18372	18446	3	77	2e-11	89.8
Oe6_s00435	gi|12054838|emb|AJ243944.1|	88.00	75	9	0	20532	20606	3	77	2e-11	89.8
Oe6_s00435	gi|12054838|emb|AJ243944.1|	88.00	75	9	0	22776	22850	3	77	2e-11	89.8
Oe6_s00435	gi|12054838|emb|AJ243944.1|	88.00	75	9	0	25812	25886	3	77	2e-11	89.8
Oe6_s00435	gi|12054838|emb|AJ243944.1|	88.00	75	9	0	26213	26287	3	77	2e-11	89.8
Oe6_s00435	gi|12054838|emb|AJ243944.1|	88.00	75	9	0	28861	28935	3	77	2e-11	89.8
Oe6_s00435	gi|12054838|emb|AJ243944.1|	88.00	75	9	0	54007	54081	3	77	2e-11	89.8
Oe6_s00435	gi|12054838|emb|AJ243944.1|	88.00	75	9	0	97508	97582	3	77	2e-11	89.8
Oe6_s00435	gi|12054838|emb|AJ243944.1|	88.00	75	9	0	103017	103091	3	77	2e-11	89.8
Oe6_s00435	gi|12054838|emb|AJ243944.1|	88.00	75	9	0	103974	104048	3	77	2e-11	89.8
Oe6_s00435	gi|12054838|emb|AJ243944.1|	88.00	75	9	0	109273	109347	3	77	2e-11	89.8
Oe6_s00435	gi|12054838|emb|AJ243944.1|	88.00	75	9	0	125397	125471	3	77	2e-11	89.8
Oe6_s00435	gi|12054838|emb|AJ243944.1|	88.00	75	9	0	127395	127469	3	77	2e-11	89.8
Oe6_s00435	gi|12054838|emb|AJ243944.1|	88.00	75	9	0	11676	11750	77	3	2e-11	89.8
Oe6_s00435	gi|12054838|emb|AJ243944.1|	88.16	76	7	2	11197	11271	77	3	2e-11	89.8
Oe6_s00435	gi|12054838|emb|AJ243944.1|	88.16	76	7	2	10797	10871	77	3	2e-11	89.8
Oe6_s00435	gi|12054838|emb|AJ243944.1|	88.00	75	9	0	9836	9910	77	3	2e-11	89.8
Oe6_s00435	gi|12054838|emb|AJ243944.1|	88.00	75	9	0	8960	9034	77	3	2e-11	89.8
Oe6_s00435	gi|12054838|emb|AJ243944.1|	88.00	75	9	0	6574	6648	77	3	2e-11	89.8
Oe6_s00435	gi|12054838|emb|AJ243944.1|	88.00	75	9	0	5459	5533	77	3	2e-11	89.8
Oe6_s00435	gi|12054838|emb|AJ243944.1|	88.00	75	9	0	157528	157602	3	77	2e-11	89.8
Oe6_s00435	gi|12054838|emb|AJ243944.1|	88.16	76	7	2	18933	19008	3	76	2e-11	89.8
Oe6_s00435	gi|12054838|emb|AJ243944.1|	89.04	73	7	1	20052	20123	3	75	2e-11	89.8
Oe6_s00435	gi|12054838|emb|AJ243944.1|	89.04	73	7	1	31819	31890	3	75	2e-11	89.8
Oe6_s00435	gi|12054838|emb|AJ243944.1|	89.04	73	7	1	73332	73403	3	75	2e-11	89.8
Oe6_s00435	gi|12054838|emb|AJ243944.1|	88.89	72	8	0	39099	39170	3	74	2e-11	89.8
Oe6_s00435	gi|12054838|emb|AJ243944.1|	88.89	72	8	0	62664	62735	3	74	2e-11	89.8
Oe6_s00435	gi|12054838|emb|AJ243944.1|	88.89	72	8	0	22378	22449	5	76	2e-11	89.8
Oe6_s00435	gi|12054838|emb|AJ243944.1|	88.89	72	8	0	27015	27086	5	76	2e-11	89.8
Oe6_s00435	gi|12054838|emb|AJ243944.1|	88.89	72	8	0	35661	35732	5	76	2e-11	89.8
Oe6_s00435	gi|12054838|emb|AJ243944.1|	88.89	72	8	0	36141	36212	5	76	2e-11	89.8
Oe6_s00435	gi|12054838|emb|AJ243944.1|	88.89	72	8	0	41258	41329	5	76	2e-11	89.8
Oe6_s00435	gi|12054838|emb|AJ243944.1|	88.89	72	8	0	46627	46698	5	76	2e-11	89.8
Oe6_s00435	gi|12054838|emb|AJ243944.1|	88.89	72	8	0	53609	53680	5	76	2e-11	89.8
Oe6_s00435	gi|12054838|emb|AJ243944.1|	88.89	72	8	0	64664	64735	5	76	2e-11	89.8
Oe6_s00435	gi|12054838|emb|AJ243944.1|	88.89	72	8	0	75732	75803	5	76	2e-11	89.8
Oe6_s00435	gi|12054838|emb|AJ243944.1|	88.89	72	8	0	96708	96779	5	76	2e-11	89.8
Oe6_s00435	gi|12054838|emb|AJ243944.1|	88.89	72	8	0	130275	130346	5	76	2e-11	89.8
Oe6_s00435	gi|12054838|emb|AJ243944.1|	88.89	72	8	0	145626	145697	5	76	2e-11	89.8
Oe6_s00435	gi|12054838|emb|AJ243944.1|	88.89	72	8	0	147944	148015	5	76	2e-11	89.8
Oe6_s00435	gi|12054838|emb|AJ243944.1|	90.91	66	6	0	13655	13720	11	76	2e-11	89.8
Oe6_s00435	gi|12054838|emb|AJ243944.1|	90.91	66	6	0	33352	33417	11	76	2e-11	89.8
Oe6_s00435	gi|12054838|emb|AJ243944.1|	87.01	77	10	0	57695	57771	3	79	9e-11	87.9
Oe6_s00435	gi|12054838|emb|AJ243944.1|	88.00	75	8	1	76612	76685	3	77	9e-11	87.9
Oe6_s00435	gi|12054838|emb|AJ243944.1|	87.84	74	9	0	15726	15799	3	76	9e-11	87.9
Oe6_s00435	gi|12054838|emb|AJ243944.1|	87.84	74	9	0	21414	21487	3	76	9e-11	87.9
Oe6_s00435	gi|12054838|emb|AJ243944.1|	87.84	74	9	0	30938	31011	3	76	9e-11	87.9
Oe6_s00435	gi|12054838|emb|AJ243944.1|	87.84	74	9	0	39977	40050	3	76	9e-11	87.9
Oe6_s00435	gi|12054838|emb|AJ243944.1|	87.84	74	9	0	45660	45733	3	76	9e-11	87.9
Oe6_s00435	gi|12054838|emb|AJ243944.1|	87.84	74	9	0	50551	50624	3	76	9e-11	87.9
Oe6_s00435	gi|12054838|emb|AJ243944.1|	88.00	75	8	1	55134	55208	3	76	9e-11	87.9
Oe6_s00435	gi|12054838|emb|AJ243944.1|	87.84	74	9	0	64742	64815	3	76	9e-11	87.9
Oe6_s00435	gi|12054838|emb|AJ243944.1|	87.84	74	9	0	65062	65135	3	76	9e-11	87.9
Oe6_s00435	gi|12054838|emb|AJ243944.1|	87.84	74	9	0	92076	92149	3	76	9e-11	87.9
Oe6_s00435	gi|12054838|emb|AJ243944.1|	87.84	74	9	0	93193	93266	3	76	9e-11	87.9
Oe6_s00435	gi|12054838|emb|AJ243944.1|	87.84	74	9	0	103494	103567	3	76	9e-11	87.9
Oe6_s00435	gi|12054838|emb|AJ243944.1|	87.84	74	9	0	108326	108399	3	76	9e-11	87.9
Oe6_s00435	gi|12054838|emb|AJ243944.1|	87.84	74	9	0	116214	116287	3	76	9e-11	87.9
Oe6_s00435	gi|12054838|emb|AJ243944.1|	87.84	74	9	0	117971	118044	3	76	9e-11	87.9
Oe6_s00435	gi|12054838|emb|AJ243944.1|	87.84	74	9	0	123318	123391	3	76	9e-11	87.9
Oe6_s00435	gi|12054838|emb|AJ243944.1|	87.84	74	9	0	133562	133635	3	76	9e-11	87.9
Oe6_s00435	gi|12054838|emb|AJ243944.1|	87.84	74	9	0	139552	139625	3	76	9e-11	87.9
Oe6_s00435	gi|12054838|emb|AJ243944.1|	87.84	74	9	0	145704	145777	3	76	9e-11	87.9
Oe6_s00435	gi|12054838|emb|AJ243944.1|	87.84	74	9	0	150496	150569	3	76	9e-11	87.9
Oe6_s00435	gi|12054838|emb|AJ243944.1|	96.23	53	2	0	55936	55988	3	55	9e-11	87.9
Oe6_s00435	gi|12054838|emb|AJ243944.1|	96.23	53	2	0	96466	96518	3	55	9e-11	87.9
Oe6_s00435	gi|12054838|emb|AJ243944.1|	88.89	72	7	1	25337	25407	5	76	9e-11	87.9
Oe6_s00435	gi|12054838|emb|AJ243944.1|	88.89	72	7	1	85939	86009	5	76	9e-11	87.9
Oe6_s00435	gi|12054838|emb|AJ243944.1|	88.89	72	7	1	101822	101892	5	76	9e-11	87.9
Oe6_s00435	gi|12054838|emb|AJ243944.1|	89.71	68	7	0	24544	24611	9	76	9e-11	87.9
Oe6_s00435	gi|12054838|emb|AJ243944.1|	87.01	77	9	1	41734	41810	1	76	3e-10	86.1
Oe6_s00435	gi|12054838|emb|AJ243944.1|	86.84	76	10	0	77886	77961	1	76	3e-10	86.1
Oe6_s00435	gi|12054838|emb|AJ243944.1|	87.84	74	8	1	42616	42688	3	76	3e-10	86.1
Oe6_s00435	gi|12054838|emb|AJ243944.1|	87.84	74	8	1	122121	122193	3	76	3e-10	86.1
Oe6_s00435	gi|12054838|emb|AJ243944.1|	87.84	74	8	1	142830	142902	3	76	3e-10	86.1
Oe6_s00435	gi|12054838|emb|AJ243944.1|	87.67	73	9	0	16370	16442	3	75	3e-10	86.1
Oe6_s00435	gi|12054838|emb|AJ243944.1|	87.67	73	9	0	19493	19565	3	75	3e-10	86.1
Oe6_s00435	gi|12054838|emb|AJ243944.1|	87.67	73	9	0	28139	28211	3	75	3e-10	86.1
Oe6_s00435	gi|12054838|emb|AJ243944.1|	87.67	73	9	0	34143	34215	3	75	3e-10	86.1
Oe6_s00435	gi|12054838|emb|AJ243944.1|	87.67	73	9	0	40457	40529	3	75	3e-10	86.1
Oe6_s00435	gi|12054838|emb|AJ243944.1|	87.67	73	9	0	46062	46134	3	75	3e-10	86.1
Oe6_s00435	gi|12054838|emb|AJ243944.1|	87.67	73	9	0	55615	55687	3	75	3e-10	86.1
Oe6_s00435	gi|12054838|emb|AJ243944.1|	87.67	73	9	0	67936	68008	3	75	3e-10	86.1
Oe6_s00435	gi|12054838|emb|AJ243944.1|	87.67	73	9	0	77808	77880	3	75	3e-10	86.1
Oe6_s00435	gi|12054838|emb|AJ243944.1|	87.67	73	9	0	92395	92467	3	75	3e-10	86.1
Oe6_s00435	gi|12054838|emb|AJ243944.1|	87.67	73	9	0	103814	103886	3	75	3e-10	86.1
Oe6_s00435	gi|12054838|emb|AJ243944.1|	87.67	73	9	0	117491	117563	3	75	3e-10	86.1
Oe6_s00435	gi|12054838|emb|AJ243944.1|	87.67	73	9	0	121961	122033	3	75	3e-10	86.1
Oe6_s00435	gi|12054838|emb|AJ243944.1|	87.84	74	7	2	130193	130265	3	75	3e-10	86.1
Oe6_s00435	gi|12054838|emb|AJ243944.1|	87.67	73	9	0	132589	132661	3	75	3e-10	86.1
Oe6_s00435	gi|12054838|emb|AJ243944.1|	87.67	73	9	0	137391	137463	3	75	3e-10	86.1
Oe6_s00435	gi|12054838|emb|AJ243944.1|	87.67	73	9	0	146743	146815	3	75	3e-10	86.1
Oe6_s00435	gi|12054838|emb|AJ243944.1|	87.67	73	9	0	151937	152009	3	75	3e-10	86.1
Oe6_s00435	gi|12054838|emb|AJ243944.1|	87.67	73	9	0	155129	155201	3	75	3e-10	86.1
Oe6_s00435	gi|12054838|emb|AJ243944.1|	88.00	75	6	3	135555	135629	5	76	3e-10	86.1
Oe6_s00435	gi|12054838|emb|AJ243944.1|	88.57	70	8	0	144830	144899	7	76	3e-10	86.1
Oe6_s00435	gi|12054838|emb|AJ243944.1|	89.71	68	6	1	24624	24690	9	76	3e-10	86.1
Oe6_s00435	gi|12054838|emb|AJ243944.1|	86.67	75	10	0	69744	69818	3	77	1e-09	84.2
Oe6_s00435	gi|12054838|emb|AJ243944.1|	86.67	75	10	0	96786	96860	3	77	1e-09	84.2
Oe6_s00435	gi|12054838|emb|AJ243944.1|	86.67	75	10	0	110313	110387	3	77	1e-09	84.2
Oe6_s00435	gi|12054838|emb|AJ243944.1|	86.67	75	10	0	129553	129627	3	77	1e-09	84.2
Oe6_s00435	gi|12054838|emb|AJ243944.1|	86.67	75	10	0	6335	6409	77	3	1e-09	84.2
Oe6_s00435	gi|12054838|emb|AJ243944.1|	86.67	75	10	0	5775	5849	77	3	1e-09	84.2
Oe6_s00435	gi|12054838|emb|AJ243944.1|	87.67	73	8	1	53207	53278	3	75	1e-09	84.2
Oe6_s00435	gi|12054838|emb|AJ243944.1|	87.67	73	8	1	72451	72522	3	75	1e-09	84.2
Oe6_s00435	gi|12054838|emb|AJ243944.1|	87.67	73	8	1	92794	92865	3	75	1e-09	84.2
Oe6_s00435	gi|12054838|emb|AJ243944.1|	87.50	72	9	0	16452	16523	5	76	1e-09	84.2
Oe6_s00435	gi|12054838|emb|AJ243944.1|	87.50	72	9	0	31900	31971	5	76	1e-09	84.2
Oe6_s00435	gi|12054838|emb|AJ243944.1|	87.50	72	9	0	40539	40610	5	76	1e-09	84.2
Oe6_s00435	gi|12054838|emb|AJ243944.1|	87.50	72	9	0	60811	60882	5	76	1e-09	84.2
Oe6_s00435	gi|12054838|emb|AJ243944.1|	87.50	72	9	0	70702	70773	5	76	1e-09	84.2
Oe6_s00435	gi|12054838|emb|AJ243944.1|	87.67	73	7	2	74774	74845	5	76	1e-09	84.2
Oe6_s00435	gi|12054838|emb|AJ243944.1|	87.50	72	9	0	89123	89194	5	76	1e-09	84.2
Oe6_s00435	gi|12054838|emb|AJ243944.1|	87.50	72	9	0	92477	92548	5	76	1e-09	84.2
Oe6_s00435	gi|12054838|emb|AJ243944.1|	87.50	72	9	0	124360	124431	5	76	1e-09	84.2
Oe6_s00435	gi|12054838|emb|AJ243944.1|	87.50	72	9	0	128036	128107	5	76	1e-09	84.2
Oe6_s00435	gi|12054838|emb|AJ243944.1|	87.50	72	9	0	144508	144579	5	76	1e-09	84.2
Oe6_s00435	gi|12054838|emb|AJ243944.1|	87.50	72	9	0	152019	152090	5	76	1e-09	84.2
Oe6_s00435	gi|12054838|emb|AJ243944.1|	92.98	57	4	0	91918	91974	5	61	1e-09	84.2
Oe6_s00435	gi|12054838|emb|AJ243944.1|	88.41	69	8	0	13891	13959	9	77	1e-09	84.2
Oe6_s00435	gi|12054838|emb|AJ243944.1|	88.41	69	8	0	109679	109747	9	77	1e-09	84.2
Oe6_s00435	gi|12054838|emb|AJ243944.1|	92.86	56	4	0	87770	87825	1	56	4e-09	82.4
Oe6_s00435	gi|12054838|emb|AJ243944.1|	86.67	75	9	1	22456	22529	3	77	4e-09	82.4
Oe6_s00435	gi|12054838|emb|AJ243944.1|	86.67	75	9	1	18052	18126	3	76	4e-09	82.4
Oe6_s00435	gi|12054838|emb|AJ243944.1|	86.67	75	9	1	23340	23414	3	76	4e-09	82.4
Oe6_s00435	gi|12054838|emb|AJ243944.1|	86.67	75	9	1	27093	27167	3	76	4e-09	82.4
Oe6_s00435	gi|12054838|emb|AJ243944.1|	86.49	74	10	0	39897	39970	3	76	4e-09	82.4
Oe6_s00435	gi|12054838|emb|AJ243944.1|	86.49	74	10	0	45500	45573	3	76	4e-09	82.4
Oe6_s00435	gi|12054838|emb|AJ243944.1|	86.67	75	9	1	45981	46055	3	76	4e-09	82.4
Oe6_s00435	gi|12054838|emb|AJ243944.1|	86.67	75	9	1	55534	55608	3	76	4e-09	82.4
Oe6_s00435	gi|12054838|emb|AJ243944.1|	86.49	74	10	0	79274	79347	3	76	4e-09	82.4
Oe6_s00435	gi|12054838|emb|AJ243944.1|	86.49	74	10	0	93831	93904	3	76	4e-09	82.4
Oe6_s00435	gi|12054838|emb|AJ243944.1|	86.49	74	10	0	123238	123311	3	76	4e-09	82.4
Oe6_s00435	gi|12054838|emb|AJ243944.1|	86.49	74	10	0	131471	131544	3	76	4e-09	82.4
Oe6_s00435	gi|12054838|emb|AJ243944.1|	86.49	74	10	0	138913	138986	3	76	4e-09	82.4
Oe6_s00435	gi|12054838|emb|AJ243944.1|	86.49	74	10	0	147383	147456	3	76	4e-09	82.4
Oe6_s00435	gi|12054838|emb|AJ243944.1|	86.49	74	10	0	151458	151531	3	76	4e-09	82.4
Oe6_s00435	gi|12054838|emb|AJ243944.1|	86.49	74	10	0	7453	7526	76	3	4e-09	82.4
Oe6_s00435	gi|12054838|emb|AJ243944.1|	86.49	74	10	0	153211	153284	3	76	4e-09	82.4
Oe6_s00435	gi|12054838|emb|AJ243944.1|	86.49	74	10	0	155767	155840	3	76	4e-09	82.4
Oe6_s00435	gi|12054838|emb|AJ243944.1|	86.67	75	9	1	155927	156001	3	76	4e-09	82.4
Oe6_s00435	gi|12054838|emb|AJ243944.1|	94.34	53	3	0	115814	115866	3	55	4e-09	82.4
Oe6_s00435	gi|12054838|emb|AJ243944.1|	87.67	73	6	2	144988	145058	5	76	4e-09	82.4
Oe6_s00435	gi|12054838|emb|AJ243944.1|	87.32	71	9	0	73413	73483	5	75	4e-09	82.4
Oe6_s00435	gi|12054838|emb|AJ243944.1|	86.49	74	9	1	23902	23974	3	76	1e-08	80.5
Oe6_s00435	gi|12054838|emb|AJ243944.1|	86.49	74	9	1	25414	25486	3	76	1e-08	80.5
Oe6_s00435	gi|12054838|emb|AJ243944.1|	86.30	73	10	0	17733	17805	3	75	1e-08	80.5
Oe6_s00435	gi|12054838|emb|AJ243944.1|	86.30	73	10	0	26933	27005	3	75	1e-08	80.5
Oe6_s00435	gi|12054838|emb|AJ243944.1|	86.30	73	10	0	36059	36131	3	75	1e-08	80.5
Oe6_s00435	gi|12054838|emb|AJ243944.1|	86.30	73	10	0	46545	46617	3	75	1e-08	80.5
Oe6_s00435	gi|12054838|emb|AJ243944.1|	86.30	73	10	0	90001	90073	3	75	1e-08	80.5
Oe6_s00435	gi|12054838|emb|AJ243944.1|	86.30	73	10	0	120527	120599	3	75	1e-08	80.5
Oe6_s00435	gi|12054838|emb|AJ243944.1|	86.30	73	10	0	131709	131781	3	75	1e-08	80.5
Oe6_s00435	gi|12054838|emb|AJ243944.1|	86.30	73	10	0	145225	145297	3	75	1e-08	80.5
Oe6_s00435	gi|12054838|emb|AJ243944.1|	86.30	73	10	0	148421	148493	3	75	1e-08	80.5
Oe6_s00435	gi|12054838|emb|AJ243944.1|	86.30	73	10	0	151618	151690	3	75	1e-08	80.5
Oe6_s00435	gi|12054838|emb|AJ243944.1|	86.30	73	10	0	153451	153523	3	75	1e-08	80.5
Oe6_s00435	gi|12054838|emb|AJ243944.1|	85.33	75	11	0	130353	130427	3	77	5e-08	78.7
Oe6_s00435	gi|12054838|emb|AJ243944.1|	85.33	75	11	0	9521	9595	77	3	5e-08	78.7
Oe6_s00435	gi|12054838|emb|AJ243944.1|	85.33	75	11	0	8720	8794	77	3	5e-08	78.7
Oe6_s00435	gi|12054838|emb|AJ243944.1|	85.33	75	11	0	4979	5053	77	3	5e-08	78.7
Oe6_s00435	gi|12054838|emb|AJ243944.1|	86.30	73	9	1	22297	22368	3	75	5e-08	78.7
Oe6_s00435	gi|12054838|emb|AJ243944.1|	86.30	73	9	1	64583	64654	3	75	5e-08	78.7
Oe6_s00435	gi|12054838|emb|AJ243944.1|	86.30	73	9	1	66739	66810	3	75	5e-08	78.7
Oe6_s00435	gi|12054838|emb|AJ243944.1|	86.11	72	10	0	61129	61200	3	74	5e-08	78.7
Oe6_s00435	gi|12054838|emb|AJ243944.1|	86.11	72	10	0	106409	106480	3	74	5e-08	78.7
Oe6_s00435	gi|12054838|emb|AJ243944.1|	86.11	72	10	0	29343	29414	5	76	5e-08	78.7
Oe6_s00435	gi|12054838|emb|AJ243944.1|	86.30	73	9	1	72532	72604	5	76	5e-08	78.7
Oe6_s00435	gi|12054838|emb|AJ243944.1|	86.30	73	9	1	72853	72925	5	76	5e-08	78.7
Oe6_s00435	gi|12054838|emb|AJ243944.1|	86.30	73	9	1	73493	73565	5	76	5e-08	78.7
Oe6_s00435	gi|12054838|emb|AJ243944.1|	86.30	73	8	2	150659	150730	5	76	5e-08	78.7
Oe6_s00435	gi|12054838|emb|AJ243944.1|	85.53	76	8	3	56815	56889	3	76	2e-07	76.8
Oe6_s00435	gi|12054838|emb|AJ243944.1|	85.14	74	11	0	60089	60162	3	76	2e-07	76.8
Oe6_s00435	gi|12054838|emb|AJ243944.1|	85.33	75	10	1	60489	60563	3	76	2e-07	76.8
Oe6_s00435	gi|12054838|emb|AJ243944.1|	85.14	74	11	0	127714	127787	3	76	2e-07	76.8
Oe6_s00435	gi|12054838|emb|AJ243944.1|	85.14	74	11	0	137151	137224	3	76	2e-07	76.8
Oe6_s00435	gi|12054838|emb|AJ243944.1|	85.14	74	11	0	154090	154163	3	76	2e-07	76.8
Oe6_s00435	gi|12054838|emb|AJ243944.1|	92.45	53	4	0	71578	71630	3	55	2e-07	76.8
Oe6_s00435	gi|12054838|emb|AJ243944.1|	85.92	71	10	0	101982	102052	6	76	2e-07	76.8
Oe6_s00435	gi|12054838|emb|AJ243944.1|	84.21	76	12	0	4502	4577	76	1	7e-07	75.0
Oe6_s00435	gi|12054838|emb|AJ243944.1|	84.93	73	11	0	28542	28614	3	75	7e-07	75.0
Oe6_s00435	gi|12054838|emb|AJ243944.1|	84.93	73	11	0	33981	34053	3	75	7e-07	75.0
Oe6_s00435	gi|12054838|emb|AJ243944.1|	84.93	73	11	0	77088	77160	3	75	7e-07	75.0
Oe6_s00435	gi|12054838|emb|AJ243944.1|	84.93	73	11	0	154330	154402	3	75	7e-07	75.0
Oe6_s00435	gi|12054838|emb|AJ243944.1|	84.93	73	11	0	156648	156720	3	75	7e-07	75.0
Oe6_s00435	gi|12054838|emb|AJ243944.1|	84.21	76	11	1	87930	88004	1	76	2e-06	73.1
Oe6_s00435	gi|12054838|emb|AJ243944.1|	84.72	72	11	0	21736	21807	5	76	2e-06	73.1
Oe6_s00435	gi|12054838|emb|AJ243944.1|	83.33	78	12	1	11437	11514	77	1	9e-06	71.3
Oe6_s00435	gi|12054838|emb|AJ243944.1|	83.78	74	12	0	44541	44614	3	76	9e-06	71.3
Oe6_s00435	gi|12054838|emb|AJ243944.1|	83.78	74	12	0	119090	119163	3	76	9e-06	71.3
Oe6_s00435	gi|12054838|emb|AJ243944.1|	90.57	53	5	0	13567	13619	3	55	9e-06	71.3
Oe6_s00435	gi|12054838|emb|AJ243944.1|	83.56	73	12	0	46945	47017	3	75	3e-05	69.4
Oe6_s00435	gi|12054838|emb|AJ243944.1|	90.00	50	5	0	58734	58783	3	52	4e-04	65.8
Oe6_s00435	gi|12054838|emb|AJ243944.1|	88.24	51	6	0	98705	98755	3	53	0.005	62.1
Oe6_s00435	gi|2664193|emb|AJ002765.1|	92.59	81	5	1	24673	24752	1	81	4e-19	115
Oe6_s00435	gi|2664193|emb|AJ002765.1|	91.36	81	6	1	28997	29076	1	81	2e-17	110
Oe6_s00435	gi|2664193|emb|AJ002765.1|	91.36	81	6	1	29557	29636	1	81	2e-17	110
Oe6_s00435	gi|2664193|emb|AJ002765.1|	91.36	81	6	1	35396	35475	1	81	2e-17	110
Oe6_s00435	gi|2664193|emb|AJ002765.1|	91.36	81	6	1	79410	79489	1	81	2e-17	110
Oe6_s00435	gi|2664193|emb|AJ002765.1|	91.36	81	6	1	84952	85031	1	81	2e-17	110
Oe6_s00435	gi|2664193|emb|AJ002765.1|	91.36	81	6	1	85032	85111	1	81	2e-17	110
Oe6_s00435	gi|2664193|emb|AJ002765.1|	91.36	81	6	1	85753	85832	1	81	2e-17	110
Oe6_s00435	gi|2664193|emb|AJ002765.1|	91.36	81	6	1	100917	100996	1	81	2e-17	110
Oe6_s00435	gi|2664193|emb|AJ002765.1|	91.36	81	6	1	114515	114594	1	81	2e-17	110
Oe6_s00435	gi|2664193|emb|AJ002765.1|	91.36	81	6	1	117867	117946	1	81	2e-17	110
Oe6_s00435	gi|2664193|emb|AJ002765.1|	91.36	81	6	1	140247	140326	1	81	2e-17	110
Oe6_s00435	gi|2664193|emb|AJ002765.1|	91.36	81	6	1	140327	140406	1	81	2e-17	110
Oe6_s00435	gi|2664193|emb|AJ002765.1|	92.31	78	5	1	15622	15698	1	78	2e-17	110
Oe6_s00435	gi|2664193|emb|AJ002765.1|	92.31	78	5	1	134171	134247	1	78	2e-17	110
Oe6_s00435	gi|2664193|emb|AJ002765.1|	91.25	80	6	1	106065	106143	2	81	7e-17	108
Oe6_s00435	gi|2664193|emb|AJ002765.1|	91.25	80	6	1	123695	123773	2	81	7e-17	108
Oe6_s00435	gi|2664193|emb|AJ002765.1|	90.24	82	6	2	55751	55831	1	81	2e-16	106
Oe6_s00435	gi|2664193|emb|AJ002765.1|	90.24	82	6	2	126251	126331	1	81	2e-16	106
Oe6_s00435	gi|2664193|emb|AJ002765.1|	90.24	82	6	2	149832	149912	1	81	2e-16	106
Oe6_s00435	gi|2664193|emb|AJ002765.1|	90.24	82	6	2	150953	151033	1	81	2e-16	106
Oe6_s00435	gi|2664193|emb|AJ002765.1|	91.14	79	6	1	56154	56231	1	79	2e-16	106
Oe6_s00435	gi|2664193|emb|AJ002765.1|	91.14	79	6	1	85194	85271	3	81	2e-16	106
Oe6_s00435	gi|2664193|emb|AJ002765.1|	90.12	81	7	1	26028	26107	1	81	9e-16	104
Oe6_s00435	gi|2664193|emb|AJ002765.1|	90.12	81	7	1	37556	37635	1	81	9e-16	104
Oe6_s00435	gi|2664193|emb|AJ002765.1|	90.12	81	7	1	73708	73787	1	81	9e-16	104
Oe6_s00435	gi|2664193|emb|AJ002765.1|	90.24	82	5	3	79330	79409	1	81	9e-16	104
Oe6_s00435	gi|2664193|emb|AJ002765.1|	90.12	81	7	1	84872	84951	1	81	9e-16	104
Oe6_s00435	gi|2664193|emb|AJ002765.1|	90.12	81	7	1	99719	99798	1	81	9e-16	104
Oe6_s00435	gi|2664193|emb|AJ002765.1|	90.12	81	7	1	107983	108062	1	81	9e-16	104
Oe6_s00435	gi|2664193|emb|AJ002765.1|	90.12	81	7	1	115790	115869	1	81	9e-16	104
Oe6_s00435	gi|2664193|emb|AJ002765.1|	90.12	81	7	1	123054	123133	1	81	9e-16	104
Oe6_s00435	gi|2664193|emb|AJ002765.1|	90.12	81	7	1	140886	140965	1	81	9e-16	104
Oe6_s00435	gi|2664193|emb|AJ002765.1|	90.12	81	7	1	144243	144322	1	81	9e-16	104
Oe6_s00435	gi|2664193|emb|AJ002765.1|	91.03	78	6	1	25549	25625	1	78	9e-16	104
Oe6_s00435	gi|2664193|emb|AJ002765.1|	91.03	78	6	1	30674	30750	1	78	9e-16	104
Oe6_s00435	gi|2664193|emb|AJ002765.1|	91.03	78	6	1	47081	47157	1	78	9e-16	104
Oe6_s00435	gi|2664193|emb|AJ002765.1|	91.03	78	6	1	55912	55988	1	78	9e-16	104
Oe6_s00435	gi|2664193|emb|AJ002765.1|	91.03	78	6	1	140087	140163	1	78	9e-16	104
Oe6_s00435	gi|2664193|emb|AJ002765.1|	90.00	80	7	1	15382	15460	2	81	3e-15	102
Oe6_s00435	gi|2664193|emb|AJ002765.1|	90.00	80	7	1	50928	51006	2	81	3e-15	102
Oe6_s00435	gi|2664193|emb|AJ002765.1|	90.00	80	7	1	147999	148077	2	81	3e-15	102
Oe6_s00435	gi|2664193|emb|AJ002765.1|	89.02	82	7	2	17225	17305	1	81	1e-14	100
Oe6_s00435	gi|2664193|emb|AJ002765.1|	89.02	82	7	2	54464	54544	1	81	1e-14	100
Oe6_s00435	gi|2664193|emb|AJ002765.1|	89.02	82	7	2	125850	125930	1	81	1e-14	100
Oe6_s00435	gi|2664193|emb|AJ002765.1|	89.02	82	7	2	128329	128409	1	81	1e-14	100
Oe6_s00435	gi|2664193|emb|AJ002765.1|	89.87	79	7	1	24275	24352	1	79	1e-14	100
Oe6_s00435	gi|2664193|emb|AJ002765.1|	89.87	79	7	1	24753	24830	1	79	1e-14	100
Oe6_s00435	gi|2664193|emb|AJ002765.1|	91.78	73	4	2	23001	23072	10	81	1e-14	100
Oe6_s00435	gi|2664193|emb|AJ002765.1|	88.89	81	8	1	15060	15139	1	81	4e-14	99.0
Oe6_s00435	gi|2664193|emb|AJ002765.1|	88.89	81	8	1	20991	21070	1	81	4e-14	99.0
Oe6_s00435	gi|2664193|emb|AJ002765.1|	88.89	81	8	1	23558	23637	1	81	4e-14	99.0
Oe6_s00435	gi|2664193|emb|AJ002765.1|	88.89	81	8	1	29477	29556	1	81	4e-14	99.0
Oe6_s00435	gi|2664193|emb|AJ002765.1|	88.89	81	8	1	30515	30594	1	81	4e-14	99.0
Oe6_s00435	gi|2664193|emb|AJ002765.1|	88.89	81	8	1	34515	34594	1	81	4e-14	99.0
Oe6_s00435	gi|2664193|emb|AJ002765.1|	88.89	81	8	1	35316	35395	1	81	4e-14	99.0
Oe6_s00435	gi|2664193|emb|AJ002765.1|	88.89	81	8	1	42831	42910	1	81	4e-14	99.0
Oe6_s00435	gi|2664193|emb|AJ002765.1|	88.89	81	8	1	50447	50526	1	81	4e-14	99.0
Oe6_s00435	gi|2664193|emb|AJ002765.1|	88.89	81	8	1	58470	58549	1	81	4e-14	99.0
Oe6_s00435	gi|2664193|emb|AJ002765.1|	88.89	81	8	1	58868	58947	1	81	4e-14	99.0
Oe6_s00435	gi|2664193|emb|AJ002765.1|	88.89	81	8	1	65118	65197	1	81	4e-14	99.0
Oe6_s00435	gi|2664193|emb|AJ002765.1|	88.89	81	7	2	80926	81004	1	81	4e-14	99.0
Oe6_s00435	gi|2664193|emb|AJ002765.1|	88.89	81	8	1	90935	91014	1	81	4e-14	99.0
Oe6_s00435	gi|2664193|emb|AJ002765.1|	88.89	81	8	1	91415	91494	1	81	4e-14	99.0
Oe6_s00435	gi|2664193|emb|AJ002765.1|	88.89	81	8	1	98521	98600	1	81	4e-14	99.0
Oe6_s00435	gi|2664193|emb|AJ002765.1|	88.89	81	8	1	102434	102513	1	81	4e-14	99.0
Oe6_s00435	gi|2664193|emb|AJ002765.1|	88.89	81	8	1	103470	103549	1	81	4e-14	99.0
Oe6_s00435	gi|2664193|emb|AJ002765.1|	88.89	81	8	1	114995	115074	1	81	4e-14	99.0
Oe6_s00435	gi|2664193|emb|AJ002765.1|	88.89	81	8	1	138729	138808	1	81	4e-14	99.0
Oe6_s00435	gi|2664193|emb|AJ002765.1|	88.89	81	8	1	139927	140006	1	81	4e-14	99.0
Oe6_s00435	gi|2664193|emb|AJ002765.1|	88.89	81	8	1	156784	156863	1	81	4e-14	99.0
Oe6_s00435	gi|2664193|emb|AJ002765.1|	88.89	81	8	1	159023	159102	1	81	4e-14	99.0
Oe6_s00435	gi|2664193|emb|AJ002765.1|	89.74	78	7	1	51326	51402	1	78	4e-14	99.0
Oe6_s00435	gi|2664193|emb|AJ002765.1|	89.74	78	7	1	63360	63436	1	78	4e-14	99.0
Oe6_s00435	gi|2664193|emb|AJ002765.1|	89.74	78	7	1	81407	81483	1	78	4e-14	99.0
Oe6_s00435	gi|2664193|emb|AJ002765.1|	89.74	78	7	1	92291	92367	1	78	4e-14	99.0
Oe6_s00435	gi|2664193|emb|AJ002765.1|	89.74	78	7	1	112922	112998	1	78	4e-14	99.0
Oe6_s00435	gi|2664193|emb|AJ002765.1|	89.74	78	7	1	118906	118982	1	78	4e-14	99.0
Oe6_s00435	gi|2664193|emb|AJ002765.1|	89.74	78	7	1	121697	121773	1	78	4e-14	99.0
Oe6_s00435	gi|2664193|emb|AJ002765.1|	89.74	78	7	1	122017	122093	1	78	4e-14	99.0
Oe6_s00435	gi|2664193|emb|AJ002765.1|	90.67	75	6	1	125293	125366	1	75	4e-14	99.0
Oe6_s00435	gi|2664193|emb|AJ002765.1|	90.67	75	6	1	134970	135043	1	75	4e-14	99.0
Oe6_s00435	gi|2664193|emb|AJ002765.1|	88.89	81	7	2	68392	68471	2	81	4e-14	99.0
Oe6_s00435	gi|2664193|emb|AJ002765.1|	89.87	79	5	3	102036	102112	2	79	4e-14	99.0
Oe6_s00435	gi|2664193|emb|AJ002765.1|	91.67	72	5	1	124423	124493	10	81	4e-14	99.0
Oe6_s00435	gi|2664193|emb|AJ002765.1|	88.75	80	8	1	40673	40751	1	80	1e-13	97.1
Oe6_s00435	gi|2664193|emb|AJ002765.1|	88.75	80	7	2	135450	135527	1	80	1e-13	97.1
Oe6_s00435	gi|2664193|emb|AJ002765.1|	88.75	80	8	1	21391	21469	2	81	1e-13	97.1
Oe6_s00435	gi|2664193|emb|AJ002765.1|	88.89	81	6	3	21791	21869	2	81	1e-13	97.1
Oe6_s00435	gi|2664193|emb|AJ002765.1|	88.75	80	8	1	30915	30993	2	81	1e-13	97.1
Oe6_s00435	gi|2664193|emb|AJ002765.1|	88.75	80	8	1	91733	91811	2	81	1e-13	97.1
Oe6_s00435	gi|2664193|emb|AJ002765.1|	88.75	80	8	1	110290	110368	2	81	1e-13	97.1
Oe6_s00435	gi|2664193|emb|AJ002765.1|	88.75	80	8	1	119786	119864	2	81	1e-13	97.1
Oe6_s00435	gi|2664193|emb|AJ002765.1|	88.75	80	8	1	129530	129608	2	81	1e-13	97.1
Oe6_s00435	gi|2664193|emb|AJ002765.1|	89.61	77	7	1	41633	41708	2	78	1e-13	97.1
Oe6_s00435	gi|2664193|emb|AJ002765.1|	89.74	78	5	3	61906	61981	2	78	1e-13	97.1
Oe6_s00435	gi|2664193|emb|AJ002765.1|	87.80	82	8	2	75546	75626	1	81	5e-13	95.3
Oe6_s00435	gi|2664193|emb|AJ002765.1|	87.80	82	8	2	97003	97083	1	81	5e-13	95.3
Oe6_s00435	gi|2664193|emb|AJ002765.1|	87.80	82	8	2	141046	141126	1	81	5e-13	95.3
Oe6_s00435	gi|2664193|emb|AJ002765.1|	88.61	79	8	1	27634	27711	1	79	5e-13	95.3
Oe6_s00435	gi|2664193|emb|AJ002765.1|	88.61	79	8	1	44997	45074	1	79	5e-13	95.3
Oe6_s00435	gi|2664193|emb|AJ002765.1|	88.61	79	8	1	62800	62877	1	79	5e-13	95.3
Oe6_s00435	gi|2664193|emb|AJ002765.1|	88.61	79	8	1	67832	67909	1	79	5e-13	95.3
Oe6_s00435	gi|2664193|emb|AJ002765.1|	88.61	79	8	1	110049	110126	1	79	5e-13	95.3
Oe6_s00435	gi|2664193|emb|AJ002765.1|	88.61	79	8	1	117467	117544	1	79	5e-13	95.3
Oe6_s00435	gi|2664193|emb|AJ002765.1|	89.47	76	7	1	30276	30350	1	76	5e-13	95.3
Oe6_s00435	gi|2664193|emb|AJ002765.1|	90.41	73	5	2	15951	16022	10	81	5e-13	95.3
Oe6_s00435	gi|2664193|emb|AJ002765.1|	87.65	81	9	1	14021	14100	1	81	2e-12	93.5
Oe6_s00435	gi|2664193|emb|AJ002765.1|	87.65	81	9	1	20267	20346	1	81	2e-12	93.5
Oe6_s00435	gi|2664193|emb|AJ002765.1|	87.65	81	9	1	24514	24593	1	81	2e-12	93.5
Oe6_s00435	gi|2664193|emb|AJ002765.1|	87.65	81	9	1	25868	25947	1	81	2e-12	93.5
Oe6_s00435	gi|2664193|emb|AJ002765.1|	87.65	81	9	1	26269	26348	1	81	2e-12	93.5
Oe6_s00435	gi|2664193|emb|AJ002765.1|	87.65	81	9	1	26509	26588	1	81	2e-12	93.5
Oe6_s00435	gi|2664193|emb|AJ002765.1|	87.65	81	9	1	28917	28996	1	81	2e-12	93.5
Oe6_s00435	gi|2664193|emb|AJ002765.1|	87.65	81	9	1	35795	35874	1	81	2e-12	93.5
Oe6_s00435	gi|2664193|emb|AJ002765.1|	87.65	81	9	1	36276	36355	1	81	2e-12	93.5
Oe6_s00435	gi|2664193|emb|AJ002765.1|	87.65	81	9	1	37235	37314	1	81	2e-12	93.5
Oe6_s00435	gi|2664193|emb|AJ002765.1|	87.65	81	9	1	52203	52282	1	81	2e-12	93.5
Oe6_s00435	gi|2664193|emb|AJ002765.1|	87.65	81	9	1	54063	54142	1	81	2e-12	93.5
Oe6_s00435	gi|2664193|emb|AJ002765.1|	87.65	81	9	1	60465	60544	1	81	2e-12	93.5
Oe6_s00435	gi|2664193|emb|AJ002765.1|	87.65	81	9	1	61105	61184	1	81	2e-12	93.5
Oe6_s00435	gi|2664193|emb|AJ002765.1|	87.65	81	9	1	63200	63279	1	81	2e-12	93.5
Oe6_s00435	gi|2664193|emb|AJ002765.1|	87.65	81	9	1	64160	64239	1	81	2e-12	93.5
Oe6_s00435	gi|2664193|emb|AJ002765.1|	87.65	81	9	1	66395	66474	1	81	2e-12	93.5
Oe6_s00435	gi|2664193|emb|AJ002765.1|	87.80	82	7	3	69960	70039	1	81	2e-12	93.5
Oe6_s00435	gi|2664193|emb|AJ002765.1|	87.65	81	9	1	71554	71633	1	81	2e-12	93.5
Oe6_s00435	gi|2664193|emb|AJ002765.1|	87.65	81	9	1	72988	73067	1	81	2e-12	93.5
Oe6_s00435	gi|2664193|emb|AJ002765.1|	87.65	81	9	1	74668	74747	1	81	2e-12	93.5
Oe6_s00435	gi|2664193|emb|AJ002765.1|	87.65	81	9	1	77784	77863	1	81	2e-12	93.5
Oe6_s00435	gi|2664193|emb|AJ002765.1|	87.65	81	9	1	90456	90535	1	81	2e-12	93.5
Oe6_s00435	gi|2664193|emb|AJ002765.1|	87.65	81	9	1	91015	91094	1	81	2e-12	93.5
Oe6_s00435	gi|2664193|emb|AJ002765.1|	87.65	81	9	1	92371	92450	1	81	2e-12	93.5
Oe6_s00435	gi|2664193|emb|AJ002765.1|	87.65	81	9	1	92531	92610	1	81	2e-12	93.5
Oe6_s00435	gi|2664193|emb|AJ002765.1|	87.65	81	9	1	94924	95003	1	81	2e-12	93.5
Oe6_s00435	gi|2664193|emb|AJ002765.1|	87.65	81	9	1	97244	97323	1	81	2e-12	93.5
Oe6_s00435	gi|2664193|emb|AJ002765.1|	87.65	81	9	1	97324	97403	1	81	2e-12	93.5
Oe6_s00435	gi|2664193|emb|AJ002765.1|	87.65	81	9	1	101636	101715	1	81	2e-12	93.5
Oe6_s00435	gi|2664193|emb|AJ002765.1|	87.65	81	9	1	106144	106223	1	81	2e-12	93.5
Oe6_s00435	gi|2664193|emb|AJ002765.1|	87.65	81	9	1	107903	107982	1	81	2e-12	93.5
Oe6_s00435	gi|2664193|emb|AJ002765.1|	87.65	81	9	1	108453	108532	1	81	2e-12	93.5
Oe6_s00435	gi|2664193|emb|AJ002765.1|	87.65	81	8	2	109010	109088	1	81	2e-12	93.5
Oe6_s00435	gi|2664193|emb|AJ002765.1|	87.65	81	9	1	109249	109328	1	81	2e-12	93.5
Oe6_s00435	gi|2664193|emb|AJ002765.1|	87.65	81	9	1	109729	109808	1	81	2e-12	93.5
Oe6_s00435	gi|2664193|emb|AJ002765.1|	87.65	81	9	1	116908	116987	1	81	2e-12	93.5
Oe6_s00435	gi|2664193|emb|AJ002765.1|	87.65	81	9	1	117627	117706	1	81	2e-12	93.5
Oe6_s00435	gi|2664193|emb|AJ002765.1|	87.65	81	9	1	118508	118587	1	81	2e-12	93.5
Oe6_s00435	gi|2664193|emb|AJ002765.1|	87.65	81	9	1	119945	120024	1	81	2e-12	93.5
Oe6_s00435	gi|2664193|emb|AJ002765.1|	87.65	81	9	1	123214	123293	1	81	2e-12	93.5
Oe6_s00435	gi|2664193|emb|AJ002765.1|	87.65	81	9	1	123374	123453	1	81	2e-12	93.5
Oe6_s00435	gi|2664193|emb|AJ002765.1|	87.65	81	9	1	127051	127130	1	81	2e-12	93.5
Oe6_s00435	gi|2664193|emb|AJ002765.1|	87.65	81	9	1	130647	130726	1	81	2e-12	93.5
Oe6_s00435	gi|2664193|emb|AJ002765.1|	87.65	81	9	1	132565	132644	1	81	2e-12	93.5
Oe6_s00435	gi|2664193|emb|AJ002765.1|	87.65	81	9	1	134412	134491	1	81	2e-12	93.5
Oe6_s00435	gi|2664193|emb|AJ002765.1|	87.65	81	9	1	137367	137446	1	81	2e-12	93.5
Oe6_s00435	gi|2664193|emb|AJ002765.1|	87.65	81	9	1	140007	140086	1	81	2e-12	93.5
Oe6_s00435	gi|2664193|emb|AJ002765.1|	87.65	81	9	1	140726	140805	1	81	2e-12	93.5
Oe6_s00435	gi|2664193|emb|AJ002765.1|	87.65	81	9	1	145121	145200	1	81	2e-12	93.5
Oe6_s00435	gi|2664193|emb|AJ002765.1|	87.65	81	9	1	145201	145280	1	81	2e-12	93.5
Oe6_s00435	gi|2664193|emb|AJ002765.1|	88.46	78	8	1	33079	33155	1	78	2e-12	93.5
Oe6_s00435	gi|2664193|emb|AJ002765.1|	88.46	78	8	1	41073	41149	1	78	2e-12	93.5
Oe6_s00435	gi|2664193|emb|AJ002765.1|	88.46	78	8	1	47001	47077	1	78	2e-12	93.5
Oe6_s00435	gi|2664193|emb|AJ002765.1|	88.46	78	8	1	63280	63356	1	78	2e-12	93.5
Oe6_s00435	gi|2664193|emb|AJ002765.1|	88.46	78	8	1	64240	64316	1	78	2e-12	93.5
Oe6_s00435	gi|2664193|emb|AJ002765.1|	88.46	78	8	1	66555	66631	1	78	2e-12	93.5
Oe6_s00435	gi|2664193|emb|AJ002765.1|	88.46	78	8	1	66794	66870	1	78	2e-12	93.5
Oe6_s00435	gi|2664193|emb|AJ002765.1|	88.46	78	8	1	75226	75302	1	78	2e-12	93.5
Oe6_s00435	gi|2664193|emb|AJ002765.1|	88.46	78	8	1	86950	87026	1	78	2e-12	93.5
Oe6_s00435	gi|2664193|emb|AJ002765.1|	88.46	78	8	1	87509	87585	1	78	2e-12	93.5
Oe6_s00435	gi|2664193|emb|AJ002765.1|	88.46	78	8	1	140167	140243	1	78	2e-12	93.5
Oe6_s00435	gi|2664193|emb|AJ002765.1|	88.46	78	8	1	147519	147595	1	78	2e-12	93.5
Oe6_s00435	gi|2664193|emb|AJ002765.1|	88.46	78	8	1	152313	152389	1	78	2e-12	93.5
Oe6_s00435	gi|2664193|emb|AJ002765.1|	88.46	78	8	1	153347	153423	1	78	2e-12	93.5
Oe6_s00435	gi|2664193|emb|AJ002765.1|	89.33	75	7	1	121857	121930	1	75	2e-12	93.5
Oe6_s00435	gi|2664193|emb|AJ002765.1|	90.28	72	6	1	97493	97563	10	81	2e-12	93.5
Oe6_s00435	gi|2664193|emb|AJ002765.1|	90.28	72	6	1	108780	108850	10	81	2e-12	93.5
Oe6_s00435	gi|2664193|emb|AJ002765.1|	90.28	72	6	1	130576	130646	10	81	2e-12	93.5
Oe6_s00435	gi|2664193|emb|AJ002765.1|	90.28	72	6	1	133866	133936	10	81	2e-12	93.5
Oe6_s00435	gi|2664193|emb|AJ002765.1|	90.28	72	6	1	139856	139926	10	81	2e-12	93.5
Oe6_s00435	gi|2664193|emb|AJ002765.1|	91.30	69	5	1	60234	60301	10	78	2e-12	93.5
Oe6_s00435	gi|2664193|emb|AJ002765.1|	87.50	80	9	1	16825	16903	1	80	7e-12	91.6
Oe6_s00435	gi|2664193|emb|AJ002765.1|	87.50	80	9	1	90137	90215	1	80	7e-12	91.6
Oe6_s00435	gi|2664193|emb|AJ002765.1|	87.50	80	9	1	152952	153030	1	80	7e-12	91.6
Oe6_s00435	gi|2664193|emb|AJ002765.1|	87.50	80	9	1	40194	40272	2	81	7e-12	91.6
Oe6_s00435	gi|2664193|emb|AJ002765.1|	87.65	81	7	3	64001	64079	2	81	7e-12	91.6
Oe6_s00435	gi|2664193|emb|AJ002765.1|	87.50	80	9	1	72108	72186	2	81	7e-12	91.6
Oe6_s00435	gi|2664193|emb|AJ002765.1|	87.65	81	7	3	134018	134096	2	81	7e-12	91.6
Oe6_s00435	gi|2664193|emb|AJ002765.1|	87.50	80	9	1	135613	135691	2	81	7e-12	91.6
Oe6_s00435	gi|2664193|emb|AJ002765.1|	88.31	77	8	1	18830	18905	2	78	7e-12	91.6
Oe6_s00435	gi|2664193|emb|AJ002765.1|	88.31	77	8	1	26990	27065	2	78	7e-12	91.6
Oe6_s00435	gi|2664193|emb|AJ002765.1|	88.31	77	8	1	87749	87824	2	78	7e-12	91.6
Oe6_s00435	gi|2664193|emb|AJ002765.1|	88.31	77	8	1	117388	117463	2	78	7e-12	91.6
Oe6_s00435	gi|2664193|emb|AJ002765.1|	88.31	77	8	1	157025	157100	2	78	7e-12	91.6
Oe6_s00435	gi|2664193|emb|AJ002765.1|	90.14	71	6	1	22521	22590	11	81	7e-12	91.6
Oe6_s00435	gi|2664193|emb|AJ002765.1|	90.14	71	6	1	58798	58867	11	81	7e-12	91.6
Oe6_s00435	gi|2664193|emb|AJ002765.1|	90.14	71	6	1	62650	62719	11	81	7e-12	91.6
Oe6_s00435	gi|2664193|emb|AJ002765.1|	90.14	71	5	2	109899	109968	12	81	7e-12	91.6
Oe6_s00435	gi|2664193|emb|AJ002765.1|	86.59	82	9	2	20748	20828	1	81	2e-11	89.8
Oe6_s00435	gi|2664193|emb|AJ002765.1|	86.59	82	9	2	58948	59028	1	81	2e-11	89.8
Oe6_s00435	gi|2664193|emb|AJ002765.1|	86.59	82	9	2	94205	94285	1	81	2e-11	89.8
Oe6_s00435	gi|2664193|emb|AJ002765.1|	86.59	82	9	2	104508	104588	1	81	2e-11	89.8
Oe6_s00435	gi|2664193|emb|AJ002765.1|	86.59	82	9	2	141365	141445	1	81	2e-11	89.8
Oe6_s00435	gi|2664193|emb|AJ002765.1|	87.34	79	9	1	61025	61102	1	79	2e-11	89.8
Oe6_s00435	gi|2664193|emb|AJ002765.1|	87.34	79	9	1	75466	75543	1	79	2e-11	89.8
Oe6_s00435	gi|2664193|emb|AJ002765.1|	87.34	79	9	1	106224	106301	1	79	2e-11	89.8
Oe6_s00435	gi|2664193|emb|AJ002765.1|	88.16	76	8	1	44279	44353	3	78	2e-11	89.8
Oe6_s00435	gi|2664193|emb|AJ002765.1|	90.00	70	6	1	11056	11124	81	12	2e-11	89.8
Oe6_s00435	gi|2664193|emb|AJ002765.1|	86.42	81	10	1	16346	16425	1	81	9e-11	87.9
Oe6_s00435	gi|2664193|emb|AJ002765.1|	86.42	81	10	1	19469	19548	1	81	9e-11	87.9
Oe6_s00435	gi|2664193|emb|AJ002765.1|	86.42	81	10	1	23478	23557	1	81	9e-11	87.9
Oe6_s00435	gi|2664193|emb|AJ002765.1|	86.42	81	10	1	31314	31393	1	81	9e-11	87.9
Oe6_s00435	gi|2664193|emb|AJ002765.1|	86.42	81	10	1	39555	39634	1	81	9e-11	87.9
Oe6_s00435	gi|2664193|emb|AJ002765.1|	86.42	81	10	1	42751	42830	1	81	9e-11	87.9
Oe6_s00435	gi|2664193|emb|AJ002765.1|	86.42	81	10	1	43230	43309	1	81	9e-11	87.9
Oe6_s00435	gi|2664193|emb|AJ002765.1|	86.42	81	10	1	51884	51963	1	81	9e-11	87.9
Oe6_s00435	gi|2664193|emb|AJ002765.1|	86.42	81	10	1	52442	52521	1	81	9e-11	87.9
Oe6_s00435	gi|2664193|emb|AJ002765.1|	86.42	81	10	1	60945	61024	1	81	9e-11	87.9
Oe6_s00435	gi|2664193|emb|AJ002765.1|	86.42	81	10	1	67433	67512	1	81	9e-11	87.9
Oe6_s00435	gi|2664193|emb|AJ002765.1|	86.59	82	8	3	70836	70915	1	81	9e-11	87.9
Oe6_s00435	gi|2664193|emb|AJ002765.1|	86.42	81	10	1	71866	71945	1	81	9e-11	87.9
Oe6_s00435	gi|2664193|emb|AJ002765.1|	86.42	81	10	1	76904	76983	1	81	9e-11	87.9
Oe6_s00435	gi|2664193|emb|AJ002765.1|	86.42	81	10	1	86551	86630	1	81	9e-11	87.9
Oe6_s00435	gi|2664193|emb|AJ002765.1|	86.42	81	10	1	99001	99080	1	81	9e-11	87.9
Oe6_s00435	gi|2664193|emb|AJ002765.1|	86.42	81	10	1	102993	103072	1	81	9e-11	87.9
Oe6_s00435	gi|2664193|emb|AJ002765.1|	86.42	81	10	1	103790	103869	1	81	9e-11	87.9
Oe6_s00435	gi|2664193|emb|AJ002765.1|	86.59	82	8	3	105718	105797	1	81	9e-11	87.9
Oe6_s00435	gi|2664193|emb|AJ002765.1|	86.42	81	10	1	106545	106624	1	81	9e-11	87.9
Oe6_s00435	gi|2664193|emb|AJ002765.1|	86.42	81	10	1	119865	119944	1	81	9e-11	87.9
Oe6_s00435	gi|2664193|emb|AJ002765.1|	86.42	81	10	1	128969	129048	1	81	9e-11	87.9
Oe6_s00435	gi|2664193|emb|AJ002765.1|	86.42	81	10	1	130329	130408	1	81	9e-11	87.9
Oe6_s00435	gi|2664193|emb|AJ002765.1|	86.42	81	10	1	131685	131764	1	81	9e-11	87.9
Oe6_s00435	gi|2664193|emb|AJ002765.1|	86.42	81	10	1	148397	148476	1	81	9e-11	87.9
Oe6_s00435	gi|2664193|emb|AJ002765.1|	86.42	81	10	1	155105	155184	1	81	9e-11	87.9
Oe6_s00435	gi|2664193|emb|AJ002765.1|	86.42	81	10	1	3960	4039	81	1	9e-11	87.9
Oe6_s00435	gi|2664193|emb|AJ002765.1|	86.42	81	10	1	156624	156703	1	81	9e-11	87.9
Oe6_s00435	gi|2664193|emb|AJ002765.1|	86.42	81	10	1	2682	2761	81	1	9e-11	87.9
Oe6_s00435	gi|2664193|emb|AJ002765.1|	87.18	78	9	1	28598	28674	1	78	9e-11	87.9
Oe6_s00435	gi|2664193|emb|AJ002765.1|	87.18	78	9	1	55271	55347	1	78	9e-11	87.9
Oe6_s00435	gi|2664193|emb|AJ002765.1|	87.18	78	9	1	61265	61341	1	78	9e-11	87.9
Oe6_s00435	gi|2664193|emb|AJ002765.1|	87.18	78	8	2	65358	65433	1	78	9e-11	87.9
Oe6_s00435	gi|2664193|emb|AJ002765.1|	87.18	78	9	1	67593	67669	1	78	9e-11	87.9
Oe6_s00435	gi|2664193|emb|AJ002765.1|	87.18	78	8	2	70597	70672	1	78	9e-11	87.9
Oe6_s00435	gi|2664193|emb|AJ002765.1|	87.18	78	9	1	76984	77060	1	78	9e-11	87.9
Oe6_s00435	gi|2664193|emb|AJ002765.1|	87.18	78	9	1	91335	91411	1	78	9e-11	87.9
Oe6_s00435	gi|2664193|emb|AJ002765.1|	87.18	78	9	1	101556	101632	1	78	9e-11	87.9
Oe6_s00435	gi|2664193|emb|AJ002765.1|	87.18	78	9	1	112443	112519	1	78	9e-11	87.9
Oe6_s00435	gi|2664193|emb|AJ002765.1|	87.18	78	9	1	127451	127527	1	78	9e-11	87.9
Oe6_s00435	gi|2664193|emb|AJ002765.1|	87.18	78	9	1	137047	137123	1	78	9e-11	87.9
Oe6_s00435	gi|2664193|emb|AJ002765.1|	87.18	78	9	1	147599	147675	1	78	9e-11	87.9
Oe6_s00435	gi|2664193|emb|AJ002765.1|	87.18	78	9	1	156383	156459	1	78	9e-11	87.9
Oe6_s00435	gi|2664193|emb|AJ002765.1|	89.19	74	3	4	41802	41872	10	81	9e-11	87.9
Oe6_s00435	gi|2664193|emb|AJ002765.1|	88.89	72	7	1	89986	90056	10	81	9e-11	87.9
Oe6_s00435	gi|2664193|emb|AJ002765.1|	88.89	72	6	2	119395	119464	10	81	9e-11	87.9
Oe6_s00435	gi|2664193|emb|AJ002765.1|	88.89	72	7	1	122582	122652	10	81	9e-11	87.9
Oe6_s00435	gi|2664193|emb|AJ002765.1|	88.89	72	6	2	125063	125132	10	81	9e-11	87.9
Oe6_s00435	gi|2664193|emb|AJ002765.1|	88.89	72	7	1	131456	131526	10	81	9e-11	87.9
Oe6_s00435	gi|2664193|emb|AJ002765.1|	88.89	72	7	1	144891	144961	10	81	9e-11	87.9
Oe6_s00435	gi|2664193|emb|AJ002765.1|	89.86	69	6	1	96531	96598	10	78	9e-11	87.9
Oe6_s00435	gi|2664193|emb|AJ002765.1|	86.42	81	7	2	34438	34514	1	81	3e-10	86.1
Oe6_s00435	gi|2664193|emb|AJ002765.1|	86.25	80	10	1	155265	155343	1	80	3e-10	86.1
Oe6_s00435	gi|2664193|emb|AJ002765.1|	86.25	80	10	1	121938	122016	2	81	3e-10	86.1
Oe6_s00435	gi|2664193|emb|AJ002765.1|	86.25	80	10	1	147360	147438	2	81	3e-10	86.1
Oe6_s00435	gi|2664193|emb|AJ002765.1|	86.25	80	10	1	153188	153266	2	81	3e-10	86.1
Oe6_s00435	gi|2664193|emb|AJ002765.1|	87.01	77	9	1	26590	26665	2	78	3e-10	86.1
Oe6_s00435	gi|2664193|emb|AJ002765.1|	87.01	77	9	1	69191	69266	2	78	3e-10	86.1
Oe6_s00435	gi|2664193|emb|AJ002765.1|	87.01	77	9	1	79092	79167	2	78	3e-10	86.1
Oe6_s00435	gi|2664193|emb|AJ002765.1|	87.01	77	9	1	154227	154302	2	78	3e-10	86.1
Oe6_s00435	gi|2664193|emb|AJ002765.1|	88.73	71	7	1	17075	17144	11	81	3e-10	86.1
Oe6_s00435	gi|2664193|emb|AJ002765.1|	88.73	71	7	1	152562	152631	11	81	3e-10	86.1
Oe6_s00435	gi|2664193|emb|AJ002765.1|	86.08	79	10	1	41391	41468	1	79	1e-09	84.2
Oe6_s00435	gi|2664193|emb|AJ002765.1|	86.08	79	10	1	59109	59186	1	79	1e-09	84.2
Oe6_s00435	gi|2664193|emb|AJ002765.1|	87.67	73	7	2	103240	103311	10	81	1e-09	84.2
Oe6_s00435	gi|2664193|emb|AJ002765.1|	88.57	70	7	1	67682	67750	10	79	1e-09	84.2
Oe6_s00435	gi|2664193|emb|AJ002765.1|	88.57	70	7	1	8099	8167	81	12	1e-09	84.2
Oe6_s00435	gi|2664193|emb|AJ002765.1|	89.55	67	6	1	88068	88133	12	78	1e-09	84.2
Oe6_s00435	gi|2664193|emb|AJ002765.1|	89.55	67	6	1	88868	88933	12	78	1e-09	84.2
Oe6_s00435	gi|2664193|emb|AJ002765.1|	85.19	81	11	1	13543	13622	1	81	4e-09	82.4
Oe6_s00435	gi|2664193|emb|AJ002765.1|	85.19	81	11	1	26909	26988	1	81	4e-09	82.4
Oe6_s00435	gi|2664193|emb|AJ002765.1|	85.19	81	11	1	46360	46439	1	81	4e-09	82.4
Oe6_s00435	gi|2664193|emb|AJ002765.1|	85.19	81	11	1	101716	101795	1	81	4e-09	82.4
Oe6_s00435	gi|2664193|emb|AJ002765.1|	85.19	81	11	1	127690	127769	1	81	4e-09	82.4
Oe6_s00435	gi|2664193|emb|AJ002765.1|	85.37	82	9	3	148557	148636	1	81	4e-09	82.4
Oe6_s00435	gi|2664193|emb|AJ002765.1|	85.19	81	11	1	9379	9458	81	1	4e-09	82.4
Oe6_s00435	gi|2664193|emb|AJ002765.1|	85.19	81	11	1	6194	6273	81	1	4e-09	82.4
Oe6_s00435	gi|2664193|emb|AJ002765.1|	85.19	81	11	1	5318	5397	81	1	4e-09	82.4
Oe6_s00435	gi|2664193|emb|AJ002765.1|	85.90	78	10	1	18991	19067	1	78	4e-09	82.4
Oe6_s00435	gi|2664193|emb|AJ002765.1|	85.90	78	10	1	23798	23874	1	78	4e-09	82.4
Oe6_s00435	gi|2664193|emb|AJ002765.1|	85.90	78	10	1	31715	31791	1	78	4e-09	82.4
Oe6_s00435	gi|2664193|emb|AJ002765.1|	85.90	78	10	1	59905	59981	1	78	4e-09	82.4
Oe6_s00435	gi|2664193|emb|AJ002765.1|	85.90	78	10	1	70676	70752	1	78	4e-09	82.4
Oe6_s00435	gi|2664193|emb|AJ002765.1|	85.90	78	10	1	72347	72423	1	78	4e-09	82.4
Oe6_s00435	gi|2664193|emb|AJ002765.1|	85.90	78	10	1	90536	90612	1	78	4e-09	82.4
Oe6_s00435	gi|2664193|emb|AJ002765.1|	85.90	78	10	1	91892	91968	1	78	4e-09	82.4
Oe6_s00435	gi|2664193|emb|AJ002765.1|	85.90	78	10	1	96682	96758	1	78	4e-09	82.4
Oe6_s00435	gi|2664193|emb|AJ002765.1|	85.90	78	10	1	109169	109245	1	78	4e-09	82.4
Oe6_s00435	gi|2664193|emb|AJ002765.1|	86.25	80	6	4	121378	121454	1	78	4e-09	82.4
Oe6_s00435	gi|2664193|emb|AJ002765.1|	85.90	78	10	1	126971	127047	1	78	4e-09	82.4
Oe6_s00435	gi|2664193|emb|AJ002765.1|	85.90	78	10	1	143284	143360	1	78	4e-09	82.4
Oe6_s00435	gi|2664193|emb|AJ002765.1|	85.90	78	10	1	145281	145357	1	78	4e-09	82.4
Oe6_s00435	gi|2664193|emb|AJ002765.1|	86.08	79	8	3	153267	153343	1	78	4e-09	82.4
Oe6_s00435	gi|2664193|emb|AJ002765.1|	85.90	78	10	1	4203	4279	78	1	4e-09	82.4
Oe6_s00435	gi|2664193|emb|AJ002765.1|	86.08	79	8	3	155583	155659	1	78	4e-09	82.4
Oe6_s00435	gi|2664193|emb|AJ002765.1|	86.67	75	9	1	40513	40586	1	75	4e-09	82.4
Oe6_s00435	gi|2664193|emb|AJ002765.1|	86.67	75	9	1	130249	130322	1	75	4e-09	82.4
Oe6_s00435	gi|2664193|emb|AJ002765.1|	86.67	75	9	1	153826	153899	1	75	4e-09	82.4
Oe6_s00435	gi|2664193|emb|AJ002765.1|	86.67	75	9	1	5404	5477	75	1	4e-09	82.4
Oe6_s00435	gi|2664193|emb|AJ002765.1|	85.19	81	10	2	91653	91732	2	81	4e-09	82.4
Oe6_s00435	gi|2664193|emb|AJ002765.1|	87.50	72	8	1	38763	38833	10	81	4e-09	82.4
Oe6_s00435	gi|2664193|emb|AJ002765.1|	87.50	72	8	1	61514	61584	10	81	4e-09	82.4
Oe6_s00435	gi|2664193|emb|AJ002765.1|	87.50	72	7	2	103161	103230	10	81	4e-09	82.4
Oe6_s00435	gi|2664193|emb|AJ002765.1|	87.50	72	7	2	117077	117146	10	81	4e-09	82.4
Oe6_s00435	gi|2664193|emb|AJ002765.1|	87.50	72	7	2	118756	118825	10	81	4e-09	82.4
Oe6_s00435	gi|2664193|emb|AJ002765.1|	87.50	72	7	2	126741	126810	10	81	4e-09	82.4
Oe6_s00435	gi|2664193|emb|AJ002765.1|	87.50	72	8	1	130736	130806	10	81	4e-09	82.4
Oe6_s00435	gi|2664193|emb|AJ002765.1|	87.50	72	7	2	134661	134730	10	81	4e-09	82.4
Oe6_s00435	gi|2664193|emb|AJ002765.1|	88.41	69	7	1	62729	62796	10	78	4e-09	82.4
Oe6_s00435	gi|2664193|emb|AJ002765.1|	88.41	69	7	1	119315	119382	10	78	4e-09	82.4
Oe6_s00435	gi|2664193|emb|AJ002765.1|	89.39	66	6	1	102922	102986	10	75	4e-09	82.4
Oe6_s00435	gi|2664193|emb|AJ002765.1|	89.39	66	6	1	3488	3552	75	10	4e-09	82.4
Oe6_s00435	gi|2664193|emb|AJ002765.1|	85.00	80	11	1	102115	102193	1	80	1e-08	80.5
Oe6_s00435	gi|2664193|emb|AJ002765.1|	85.00	80	11	1	103391	103469	1	80	1e-08	80.5
Oe6_s00435	gi|2664193|emb|AJ002765.1|	85.00	80	10	2	59825	59903	1	79	1e-08	80.5
Oe6_s00435	gi|2664193|emb|AJ002765.1|	85.71	77	10	1	51645	51720	1	77	1e-08	80.5
Oe6_s00435	gi|2664193|emb|AJ002765.1|	85.00	80	11	1	119067	119145	2	81	1e-08	80.5
Oe6_s00435	gi|2664193|emb|AJ002765.1|	87.50	72	6	2	39005	39074	11	81	1e-08	80.5
Oe6_s00435	gi|2664193|emb|AJ002765.1|	90.32	62	5	1	56093	56153	20	81	1e-08	80.5
Oe6_s00435	gi|2664193|emb|AJ002765.1|	88.06	67	7	1	31644	31709	10	76	5e-08	78.7
Oe6_s00435	gi|2664193|emb|AJ002765.1|	87.14	70	8	1	2043	2111	81	12	5e-08	78.7
Oe6_s00435	gi|2664193|emb|AJ002765.1|	88.06	67	7	1	7554	7619	78	12	5e-08	78.7
Oe6_s00435	gi|2664193|emb|AJ002765.1|	88.06	67	7	1	686	751	78	12	5e-08	78.7
Oe6_s00435	gi|2664193|emb|AJ002765.1|	88.06	67	7	1	28127	28192	13	79	5e-08	78.7
Oe6_s00435	gi|2664193|emb|AJ002765.1|	83.95	81	12	1	28518	28597	1	81	2e-07	76.8
Oe6_s00435	gi|2664193|emb|AJ002765.1|	83.95	81	12	1	46038	46117	1	81	2e-07	76.8
Oe6_s00435	gi|2664193|emb|AJ002765.1|	83.95	81	12	1	55191	55270	1	81	2e-07	76.8
Oe6_s00435	gi|2664193|emb|AJ002765.1|	83.95	81	12	1	55591	55670	1	81	2e-07	76.8
Oe6_s00435	gi|2664193|emb|AJ002765.1|	83.95	81	11	2	74748	74827	1	80	2e-07	76.8
Oe6_s00435	gi|2664193|emb|AJ002765.1|	84.62	78	11	1	21950	22026	1	78	2e-07	76.8
Oe6_s00435	gi|2664193|emb|AJ002765.1|	84.62	78	11	1	94445	94521	1	78	2e-07	76.8
Oe6_s00435	gi|2664193|emb|AJ002765.1|	84.62	78	11	1	96362	96438	1	78	2e-07	76.8
Oe6_s00435	gi|2664193|emb|AJ002765.1|	84.62	78	11	1	109569	109645	1	78	2e-07	76.8
Oe6_s00435	gi|2664193|emb|AJ002765.1|	84.62	78	11	1	123294	123370	1	78	2e-07	76.8
Oe6_s00435	gi|2664193|emb|AJ002765.1|	84.62	78	10	2	1086	1161	78	1	2e-07	76.8
Oe6_s00435	gi|2664193|emb|AJ002765.1|	85.33	75	10	1	120423	120496	1	75	2e-07	76.8
Oe6_s00435	gi|2664193|emb|AJ002765.1|	85.33	75	10	1	123774	123847	1	75	2e-07	76.8
Oe6_s00435	gi|2664193|emb|AJ002765.1|	85.33	75	9	2	133778	133850	1	75	2e-07	76.8
Oe6_s00435	gi|2664193|emb|AJ002765.1|	85.33	75	9	2	139768	139840	1	75	2e-07	76.8
Oe6_s00435	gi|2664193|emb|AJ002765.1|	86.11	72	8	2	120751	120820	10	81	2e-07	76.8
Oe6_s00435	gi|2664193|emb|AJ002765.1|	86.96	69	8	1	59754	59821	10	78	2e-07	76.8
Oe6_s00435	gi|2664193|emb|AJ002765.1|	86.96	69	8	1	65685	65752	10	78	2e-07	76.8
Oe6_s00435	gi|2664193|emb|AJ002765.1|	86.96	69	8	1	118835	118902	10	78	2e-07	76.8
Oe6_s00435	gi|2664193|emb|AJ002765.1|	86.96	69	8	1	150321	150388	10	78	2e-07	76.8
Oe6_s00435	gi|2664193|emb|AJ002765.1|	86.96	69	8	1	43	110	81	13	2e-07	76.8
Oe6_s00435	gi|2664193|emb|AJ002765.1|	83.75	80	12	1	98681	98759	1	80	7e-07	75.0
Oe6_s00435	gi|2664193|emb|AJ002765.1|	85.92	71	8	2	136179	136247	10	80	7e-07	75.0
Oe6_s00435	gi|2664193|emb|AJ002765.1|	100.00	40	0	0	12175	12214	81	42	7e-07	75.0
Oe6_s00435	gi|2664193|emb|AJ002765.1|	86.30	73	3	5	70210	70278	12	81	2e-06	73.1
Oe6_s00435	gi|2664193|emb|AJ002765.1|	86.57	67	8	1	7314	7379	78	12	2e-06	73.1
Oe6_s00435	gi|2664193|emb|AJ002765.1|	87.50	64	7	1	3648	3710	75	12	2e-06	73.1
Oe6_s00435	gi|2664193|emb|AJ002765.1|	93.75	48	3	0	14928	14975	31	78	2e-06	73.1
Oe6_s00435	gi|2664193|emb|AJ002765.1|	82.72	81	13	1	18109	18188	1	81	9e-06	71.3
Oe6_s00435	gi|2664193|emb|AJ002765.1|	82.72	81	13	1	124014	124093	1	81	9e-06	71.3
Oe6_s00435	gi|2664193|emb|AJ002765.1|	83.54	79	10	2	13623	13699	1	78	9e-06	71.3
Oe6_s00435	gi|2664193|emb|AJ002765.1|	83.33	78	12	1	88297	88373	1	78	9e-06	71.3
Oe6_s00435	gi|2664193|emb|AJ002765.1|	84.00	75	11	1	30834	30907	1	75	9e-06	71.3
Oe6_s00435	gi|2664193|emb|AJ002765.1|	84.00	75	11	1	34836	34909	1	75	9e-06	71.3
Oe6_s00435	gi|2664193|emb|AJ002765.1|	84.72	72	9	2	95734	95803	10	81	9e-06	71.3
Oe6_s00435	gi|2664193|emb|AJ002765.1|	84.72	72	10	1	118597	118667	10	81	9e-06	71.3
Oe6_s00435	gi|2664193|emb|AJ002765.1|	84.72	72	10	1	152242	152312	10	81	9e-06	71.3
Oe6_s00435	gi|2664193|emb|AJ002765.1|	85.51	69	9	1	108700	108767	10	78	9e-06	71.3
Oe6_s00435	gi|2664193|emb|AJ002765.1|	100.00	38	0	0	134133	134170	44	81	9e-06	71.3
Oe6_s00435	gi|2664193|emb|AJ002765.1|	83.78	74	11	1	56952	57024	1	74	3e-05	69.4
Oe6_s00435	gi|2664193|emb|AJ002765.1|	100.00	37	0	0	12216	12252	42	78	3e-05	69.4
Oe6_s00435	gi|2664193|emb|AJ002765.1|	83.56	73	10	2	77313	77384	10	81	1e-04	67.6
Oe6_s00435	gi|2664193|emb|AJ002765.1|	84.29	70	10	1	57760	57828	10	79	1e-04	67.6
Oe6_s00435	gi|2664193|emb|AJ002765.1|	85.07	67	9	1	8582	8647	78	12	1e-04	67.6
Oe6_s00435	gi|2664193|emb|AJ002765.1|	85.07	67	9	1	4841	4906	78	12	1e-04	67.6
Oe6_s00435	gi|2664193|emb|AJ002765.1|	87.93	58	6	1	6925	6981	69	12	1e-04	67.6
Oe6_s00435	gi|2664193|emb|AJ002765.1|	82.28	79	11	2	33320	33396	1	78	4e-04	65.8
Oe6_s00435	gi|2664193|emb|AJ002765.1|	82.67	75	12	1	18749	18822	1	75	4e-04	65.8
Oe6_s00435	gi|2664193|emb|AJ002765.1|	84.06	69	10	1	95813	95880	10	78	4e-04	65.8
Oe6_s00435	gi|2664193|emb|AJ002765.1|	84.06	69	10	1	131376	131443	10	78	4e-04	65.8
Oe6_s00435	gi|2664193|emb|AJ002765.1|	84.06	69	10	1	136258	136325	10	78	4e-04	65.8
Oe6_s00435	gi|2664193|emb|AJ002765.1|	97.37	38	1	0	130048	130085	41	78	4e-04	65.8
Oe6_s00435	gi|2664193|emb|AJ002765.1|	97.37	38	1	0	445	482	79	42	4e-04	65.8
Oe6_s00435	gi|2664193|emb|AJ002765.1|	97.30	37	1	0	98481	98517	42	78	0.001	63.9
Oe6_s00435	gi|2664193|emb|AJ002765.1|	97.30	37	1	0	100477	100513	42	78	0.001	63.9
Oe6_s00435	gi|2664193|emb|AJ002765.1|	84.38	64	9	1	10422	10484	75	12	0.005	62.1
Oe6_s00435	gi|2664193|emb|AJ002765.1|	94.74	38	2	0	121576	121613	41	78	0.019	60.2
Oe6_s00435	gi|2664193|emb|AJ002765.1|	100.00	29	0	0	108422	108450	51	79	0.87	54.7
