Oe6_s05098	gi|1061660500|gb|CP013417.1|	91.11	45	2	2	106	148	3834644	3834688	5e-04	60.2
Oe6_s05098	gi|1061660500|gb|CP013417.1|	100.00	29	0	0	106	134	3834630	3834658	0.022	54.7
Oe6_s05098	gi|1061660500|gb|CP013417.1|	100.00	29	0	0	106	134	3834637	3834665	0.022	54.7
Oe6_s05098	gi|1243434105|gb|CP011041.1|	100.00	31	0	0	106	136	508819	508789	0.002	58.4
Oe6_s05098	gi|1243434105|gb|CP011041.1|	100.00	29	0	0	106	134	468914	468886	0.022	54.7
Oe6_s05098	gi|1243434105|gb|CP011041.1|	100.00	29	0	0	106	134	468921	468893	0.022	54.7
Oe6_s05098	gi|1243434105|gb|CP011041.1|	100.00	29	0	0	106	134	497729	497701	0.022	54.7
Oe6_s05098	gi|1243434105|gb|CP011041.1|	100.00	29	0	0	106	134	497736	497708	0.022	54.7
Oe6_s05098	gi|1243434105|gb|CP011041.1|	100.00	29	0	0	106	134	508826	508798	0.022	54.7
Oe6_s05098	gi|1243434105|gb|CP011041.1|	100.00	29	0	0	106	134	508833	508805	0.022	54.7
Oe6_s05098	gi|1243434105|gb|CP011041.1|	100.00	29	0	0	106	134	508840	508812	0.022	54.7
Oe6_s05098	gi|1243434105|gb|CP011041.1|	100.00	29	0	0	106	134	508847	508819	0.022	54.7
Oe6_s05098	gi|1243434105|gb|CP011041.1|	100.00	29	0	0	106	134	508854	508826	0.022	54.7
Oe6_s05098	gi|1243434105|gb|CP011041.1|	100.00	29	0	0	106	134	508861	508833	0.022	54.7
Oe6_s05098	gi|1243434105|gb|CP011041.1|	100.00	29	0	0	106	134	508868	508840	0.022	54.7
Oe6_s05098	gi|1243434105|gb|CP011041.1|	100.00	29	0	0	106	134	508875	508847	0.022	54.7
Oe6_s05098	gi|1243434105|gb|CP011041.1|	100.00	29	0	0	106	134	513993	513965	0.022	54.7
Oe6_s05098	gi|1243434105|gb|CP011041.1|	100.00	29	0	0	106	134	514000	513972	0.022	54.7
Oe6_s05098	gi|1243434105|gb|CP011041.1|	100.00	29	0	0	106	134	514007	513979	0.022	54.7
Oe6_s05098	gi|1243434105|gb|CP011041.1|	100.00	29	0	0	106	134	514014	513986	0.022	54.7
Oe6_s05098	gi|1243434105|gb|CP011041.1|	100.00	29	0	0	106	134	514021	513993	0.022	54.7
Oe6_s05098	gi|1243434105|gb|CP011041.1|	100.00	29	0	0	106	134	2980105	2980133	0.022	54.7
Oe6_s05098	gi|1243434105|gb|CP011041.1|	100.00	29	0	0	106	134	2980112	2980140	0.022	54.7
Oe6_s05098	gi|568798707|gb|CP004002.1|	92.68	41	1	2	106	144	2592385	2592345	0.002	58.4
Oe6_s05098	gi|315013624|gb|CP001796.1|	100.00	31	0	0	106	136	508577	508547	0.002	58.4
Oe6_s05098	gi|315013624|gb|CP001796.1|	100.00	29	0	0	106	134	498413	498385	0.022	54.7
Oe6_s05098	gi|315013624|gb|CP001796.1|	100.00	29	0	0	106	134	498420	498392	0.022	54.7
Oe6_s05098	gi|315013624|gb|CP001796.1|	100.00	29	0	0	106	134	498427	498399	0.022	54.7
Oe6_s05098	gi|315013624|gb|CP001796.1|	100.00	29	0	0	106	134	498434	498406	0.022	54.7
Oe6_s05098	gi|315013624|gb|CP001796.1|	100.00	29	0	0	106	134	498441	498413	0.022	54.7
Oe6_s05098	gi|315013624|gb|CP001796.1|	100.00	29	0	0	106	134	508584	508556	0.022	54.7
Oe6_s05098	gi|315013624|gb|CP001796.1|	100.00	29	0	0	106	134	508591	508563	0.022	54.7
Oe6_s05098	gi|315013624|gb|CP001796.1|	100.00	29	0	0	106	134	513680	513652	0.022	54.7
Oe6_s05098	gi|315013624|gb|CP001796.1|	100.00	29	0	0	106	134	513687	513659	0.022	54.7
Oe6_s05098	gi|315013624|gb|CP001796.1|	100.00	29	0	0	106	134	513694	513666	0.022	54.7
Oe6_s05098	gi|1186418355|gb|CP018411.1|	100.00	30	0	0	106	135	903099	903070	0.006	56.5
Oe6_s05098	gi|1186418355|gb|CP018411.1|	100.00	29	0	0	106	134	903106	903078	0.022	54.7
Oe6_s05098	gi|1186323026|gb|CP018382.1|	100.00	30	0	0	106	135	595528	595557	0.006	56.5
Oe6_s05098	gi|1186323026|gb|CP018382.1|	100.00	29	0	0	106	134	595507	595535	0.022	54.7
Oe6_s05098	gi|1186323026|gb|CP018382.1|	100.00	29	0	0	106	134	595514	595542	0.022	54.7
Oe6_s05098	gi|1186323026|gb|CP018382.1|	100.00	29	0	0	106	134	595521	595549	0.022	54.7
Oe6_s05098	gi|1137406082|gb|CP017053.1|	100.00	30	0	0	106	135	1623409	1623438	0.006	56.5
Oe6_s05098	gi|1137399882|gb|CP017051.1|	100.00	30	0	0	106	135	1623383	1623412	0.006	56.5
Oe6_s05098	gi|1137393677|gb|CP017049.1|	100.00	30	0	0	106	135	1467447	1467476	0.006	56.5
Oe6_s05098	gi|1137384424|gb|CP017047.1|	100.00	30	0	0	106	135	1467478	1467507	0.006	56.5
Oe6_s05098	gi|1061755639|gb|CP013457.1|	92.50	40	1	1	95	134	997696	997659	0.006	56.5
Oe6_s05098	gi|1061755639|gb|CP013457.1|	100.00	29	0	0	106	134	997666	997638	0.022	54.7
Oe6_s05098	gi|1061755639|gb|CP013457.1|	100.00	29	0	0	106	134	997673	997645	0.022	54.7
Oe6_s05098	gi|1061755639|gb|CP013457.1|	100.00	29	0	0	106	134	997680	997652	0.022	54.7
Oe6_s05098	gi|1061755639|gb|CP013457.1|	100.00	29	0	0	106	134	3933494	3933522	0.022	54.7
Oe6_s05098	gi|1061755639|gb|CP013457.1|	100.00	29	0	0	106	134	3933501	3933529	0.022	54.7
Oe6_s05098	gi|1061755639|gb|CP013457.1|	100.00	29	0	0	106	134	3933508	3933536	0.022	54.7
Oe6_s05098	gi|1061755639|gb|CP013457.1|	100.00	29	0	0	106	134	3933515	3933543	0.022	54.7
Oe6_s05098	gi|1061755639|gb|CP013457.1|	100.00	29	0	0	106	134	3933522	3933550	0.022	54.7
Oe6_s05098	gi|1061755639|gb|CP013457.1|	100.00	29	0	0	106	134	3933529	3933557	0.022	54.7
Oe6_s05098	gi|1061755639|gb|CP013457.1|	100.00	29	0	0	106	134	3933536	3933564	0.022	54.7
Oe6_s05098	gi|1061684883|gb|CP013424.1|	92.50	40	1	1	95	134	921845	921808	0.006	56.5
Oe6_s05098	gi|1061684883|gb|CP013424.1|	100.00	29	0	0	106	134	921808	921780	0.022	54.7
Oe6_s05098	gi|1061684883|gb|CP013424.1|	100.00	29	0	0	106	134	921815	921787	0.022	54.7
Oe6_s05098	gi|1061684883|gb|CP013424.1|	100.00	29	0	0	106	134	921822	921794	0.022	54.7
Oe6_s05098	gi|1061684883|gb|CP013424.1|	100.00	29	0	0	106	134	921829	921801	0.022	54.7
Oe6_s05098	gi|701279297|gb|CP009163.1|	100.00	30	0	0	106	135	1781327	1781298	0.006	56.5
Oe6_s05098	gi|701263401|gb|CP009150.1|	100.00	30	0	0	106	135	2829519	2829548	0.006	56.5
Oe6_s05098	gi|701257438|gb|CP009164.1|	100.00	30	0	0	106	135	2452003	2451974	0.006	56.5
Oe6_s05098	gi|701245573|gb|CP009234.1|	100.00	30	0	0	106	135	3094354	3094383	0.006	56.5
Oe6_s05098	gi|701239770|gb|CP009269.1|	100.00	30	0	0	106	135	671008	671037	0.006	56.5
Oe6_s05098	gi|685800451|gb|CP009210.1|	100.00	30	0	0	106	135	637104	637133	0.006	56.5
Oe6_s05098	gi|589303173|gb|CP004369.1|	100.00	30	0	0	106	135	1530094	1530123	0.006	56.5
Oe6_s05098	gi|556045773|gb|CP003977.1|	100.00	30	0	0	106	135	1722666	1722695	0.006	56.5
Oe6_s05098	gi|526265132|gb|CP006469.1|	100.00	30	0	0	106	135	2616268	2616297	0.006	56.5
Oe6_s05098	gi|221562406|gb|CP001390.1|	100.00	30	0	0	106	135	985409	985438	0.006	56.5
Oe6_s05098	gi|221562406|gb|CP001390.1|	100.00	29	0	0	106	134	2352938	2352910	0.022	54.7
Oe6_s05098	gi|146395585|gb|CP000698.1|	100.00	30	0	0	106	135	385193	385164	0.006	56.5
Oe6_s05098	gi|146395585|gb|CP000698.1|	100.00	30	0	0	105	134	1217617	1217588	0.006	56.5
Oe6_s05098	gi|146395585|gb|CP000698.1|	84.75	59	6	3	106	162	1686336	1686279	0.006	56.5
Oe6_s05098	gi|146395585|gb|CP000698.1|	100.00	29	0	0	106	134	56151	56179	0.022	54.7
Oe6_s05098	gi|146395585|gb|CP000698.1|	100.00	29	0	0	106	134	56158	56186	0.022	54.7
Oe6_s05098	gi|146395585|gb|CP000698.1|	100.00	29	0	0	106	134	204576	204604	0.022	54.7
Oe6_s05098	gi|146395585|gb|CP000698.1|	100.00	29	0	0	106	134	204583	204611	0.022	54.7
Oe6_s05098	gi|146395585|gb|CP000698.1|	100.00	29	0	0	106	134	204590	204618	0.022	54.7
Oe6_s05098	gi|146395585|gb|CP000698.1|	100.00	29	0	0	106	134	204597	204625	0.022	54.7
Oe6_s05098	gi|146395585|gb|CP000698.1|	100.00	29	0	0	106	134	204604	204632	0.022	54.7
Oe6_s05098	gi|146395585|gb|CP000698.1|	100.00	29	0	0	106	134	204611	204639	0.022	54.7
Oe6_s05098	gi|146395585|gb|CP000698.1|	100.00	29	0	0	106	134	204618	204646	0.022	54.7
Oe6_s05098	gi|146395585|gb|CP000698.1|	100.00	29	0	0	106	134	204625	204653	0.022	54.7
Oe6_s05098	gi|146395585|gb|CP000698.1|	100.00	29	0	0	106	134	234743	234715	0.022	54.7
Oe6_s05098	gi|146395585|gb|CP000698.1|	100.00	29	0	0	106	134	234750	234722	0.022	54.7
Oe6_s05098	gi|146395585|gb|CP000698.1|	100.00	29	0	0	106	134	234757	234729	0.022	54.7
Oe6_s05098	gi|146395585|gb|CP000698.1|	100.00	29	0	0	106	134	234764	234736	0.022	54.7
Oe6_s05098	gi|146395585|gb|CP000698.1|	100.00	29	0	0	106	134	234771	234743	0.022	54.7
Oe6_s05098	gi|146395585|gb|CP000698.1|	100.00	29	0	0	106	134	234778	234750	0.022	54.7
Oe6_s05098	gi|146395585|gb|CP000698.1|	100.00	29	0	0	106	134	385200	385172	0.022	54.7
Oe6_s05098	gi|146395585|gb|CP000698.1|	100.00	29	0	0	106	134	396300	396328	0.022	54.7
Oe6_s05098	gi|146395585|gb|CP000698.1|	100.00	29	0	0	106	134	1015673	1015645	0.022	54.7
Oe6_s05098	gi|146395585|gb|CP000698.1|	100.00	29	0	0	106	134	1686266	1686238	0.022	54.7
Oe6_s05098	gi|146395585|gb|CP000698.1|	100.00	29	0	0	106	134	1686273	1686245	0.022	54.7
Oe6_s05098	gi|146395585|gb|CP000698.1|	100.00	29	0	0	106	134	2886149	2886177	0.022	54.7
Oe6_s05098	gi|146395585|gb|CP000698.1|	100.00	29	0	0	106	134	2886156	2886184	0.022	54.7
Oe6_s05098	gi|146395585|gb|CP000698.1|	100.00	29	0	0	106	134	2886163	2886191	0.022	54.7
Oe6_s05098	gi|146395585|gb|CP000698.1|	100.00	29	0	0	106	134	2886170	2886198	0.022	54.7
Oe6_s05098	gi|146395585|gb|CP000698.1|	100.00	29	0	0	106	134	2886177	2886205	0.022	54.7
Oe6_s05098	gi|146395585|gb|CP000698.1|	100.00	29	0	0	106	134	3467213	3467185	0.022	54.7
Oe6_s05098	gi|146395585|gb|CP000698.1|	100.00	29	0	0	106	134	3467220	3467192	0.022	54.7
Oe6_s05098	gi|146395585|gb|CP000698.1|	100.00	29	0	0	106	134	3467227	3467199	0.022	54.7
Oe6_s05098	gi|146395585|gb|CP000698.1|	100.00	29	0	0	106	134	3915676	3915704	0.022	54.7
Oe6_s05098	gi|146395585|gb|CP000698.1|	100.00	29	0	0	106	134	3915683	3915711	0.022	54.7
Oe6_s05098	gi|146395585|gb|CP000698.1|	100.00	29	0	0	106	134	4188908	4188936	0.022	54.7
Oe6_s05098	gi|146395585|gb|CP000698.1|	100.00	29	0	0	106	134	4188915	4188943	0.022	54.7
Oe6_s05098	gi|146395585|gb|CP000698.1|	100.00	29	0	0	106	134	4188922	4188950	0.022	54.7
Oe6_s05098	gi|146395585|gb|CP000698.1|	100.00	29	0	0	106	134	4188929	4188957	0.022	54.7
Oe6_s05098	gi|146395585|gb|CP000698.1|	100.00	29	0	0	106	134	4188936	4188964	0.022	54.7
Oe6_s05098	gi|146395585|gb|CP000698.1|	100.00	29	0	0	106	134	4203031	4203003	0.022	54.7
Oe6_s05098	gi|146395585|gb|CP000698.1|	100.00	29	0	0	106	134	4203038	4203010	0.022	54.7
Oe6_s05098	gi|146395585|gb|CP000698.1|	100.00	29	0	0	106	134	4203045	4203017	0.022	54.7
Oe6_s05098	gi|146395585|gb|CP000698.1|	100.00	29	0	0	106	134	4203052	4203024	0.022	54.7
Oe6_s05098	gi|146395585|gb|CP000698.1|	100.00	29	0	0	106	134	4977971	4977943	0.022	54.7
Oe6_s05098	gi|146395585|gb|CP000698.1|	100.00	28	0	0	106	133	56165	56192	0.077	52.8
Oe6_s05098	gi|146395585|gb|CP000698.1|	100.00	28	0	0	106	133	481746	481719	0.077	52.8
Oe6_s05098	gi|146395585|gb|CP000698.1|	100.00	28	0	0	106	133	1015666	1015639	0.077	52.8
Oe6_s05098	gi|146395585|gb|CP000698.1|	100.00	28	0	0	106	133	1217609	1217582	0.077	52.8
Oe6_s05098	gi|146395585|gb|CP000698.1|	100.00	28	0	0	106	133	3562784	3562811	0.077	52.8
Oe6_s05098	gi|146395585|gb|CP000698.1|	100.00	28	0	0	106	133	4188943	4188970	0.077	52.8
Oe6_s05098	gi|146395585|gb|CP000698.1|	100.00	28	0	0	106	133	4977964	4977937	0.077	52.8
Oe6_s05098	gi|645322514|ref|NR_119245.1|	96.97	33	1	0	102	134	24	56	0.006	56.5
Oe6_s05098	gi|1246384536|gb|CP023465.1|	100.00	29	0	0	106	134	3382478	3382506	0.022	54.7
Oe6_s05098	gi|1246384536|gb|CP023465.1|	100.00	29	0	0	106	134	3382485	3382513	0.022	54.7
Oe6_s05098	gi|1246384536|gb|CP023465.1|	100.00	28	0	0	107	134	3382472	3382499	0.077	52.8
Oe6_s05098	gi|1243442222|gb|CP011030.1|	100.00	29	0	0	106	134	512663	512635	0.022	54.7
Oe6_s05098	gi|1243442222|gb|CP011030.1|	100.00	29	0	0	106	134	512670	512642	0.022	54.7
Oe6_s05098	gi|1243442222|gb|CP011030.1|	100.00	29	0	0	106	134	512677	512649	0.022	54.7
Oe6_s05098	gi|1243442222|gb|CP011030.1|	100.00	29	0	0	106	134	512684	512656	0.022	54.7
Oe6_s05098	gi|1243442222|gb|CP011030.1|	100.00	29	0	0	106	134	512691	512663	0.022	54.7
Oe6_s05098	gi|1243442222|gb|CP011030.1|	100.00	29	0	0	106	134	512698	512670	0.022	54.7
Oe6_s05098	gi|1243442222|gb|CP011030.1|	100.00	29	0	0	106	134	512705	512677	0.022	54.7
Oe6_s05098	gi|1243442222|gb|CP011030.1|	100.00	29	0	0	106	134	512712	512684	0.022	54.7
Oe6_s05098	gi|1243442222|gb|CP011030.1|	100.00	29	0	0	106	134	512719	512691	0.022	54.7
Oe6_s05098	gi|1243442222|gb|CP011030.1|	100.00	29	0	0	106	134	512726	512698	0.022	54.7
Oe6_s05098	gi|1243442222|gb|CP011030.1|	100.00	29	0	0	106	134	512733	512705	0.022	54.7
Oe6_s05098	gi|1243442222|gb|CP011030.1|	100.00	29	0	0	106	134	512740	512712	0.022	54.7
Oe6_s05098	gi|1243442222|gb|CP011030.1|	100.00	29	0	0	106	134	512747	512719	0.022	54.7
Oe6_s05098	gi|1243442222|gb|CP011030.1|	100.00	29	0	0	106	134	512754	512726	0.022	54.7
Oe6_s05098	gi|1243442222|gb|CP011030.1|	100.00	29	0	0	106	134	512761	512733	0.022	54.7
Oe6_s05098	gi|1243442222|gb|CP011030.1|	100.00	29	0	0	106	134	512768	512740	0.022	54.7
Oe6_s05098	gi|1243442222|gb|CP011030.1|	100.00	29	0	0	106	134	512775	512747	0.022	54.7
Oe6_s05098	gi|1243442222|gb|CP011030.1|	100.00	29	0	0	106	134	512782	512754	0.022	54.7
Oe6_s05098	gi|1243442222|gb|CP011030.1|	100.00	29	0	0	106	134	512789	512761	0.022	54.7
Oe6_s05098	gi|1243442222|gb|CP011030.1|	100.00	29	0	0	106	134	512796	512768	0.022	54.7
Oe6_s05098	gi|1243442222|gb|CP011030.1|	100.00	29	0	0	106	134	512803	512775	0.022	54.7
Oe6_s05098	gi|1243442222|gb|CP011030.1|	100.00	29	0	0	106	134	512810	512782	0.022	54.7
Oe6_s05098	gi|1243442222|gb|CP011030.1|	100.00	29	0	0	106	134	512817	512789	0.022	54.7
Oe6_s05098	gi|1243442222|gb|CP011030.1|	100.00	29	0	0	106	134	512824	512796	0.022	54.7
Oe6_s05098	gi|1243442222|gb|CP011030.1|	100.00	29	0	0	106	134	512831	512803	0.022	54.7
Oe6_s05098	gi|1243442222|gb|CP011030.1|	100.00	29	0	0	106	134	512838	512810	0.022	54.7
Oe6_s05098	gi|1243442222|gb|CP011030.1|	100.00	29	0	0	106	134	512845	512817	0.022	54.7
Oe6_s05098	gi|1243442222|gb|CP011030.1|	100.00	29	0	0	106	134	512852	512824	0.022	54.7
Oe6_s05098	gi|1243442222|gb|CP011030.1|	100.00	29	0	0	106	134	512859	512831	0.022	54.7
Oe6_s05098	gi|1243442222|gb|CP011030.1|	100.00	29	0	0	106	134	512866	512838	0.022	54.7
Oe6_s05098	gi|1243442222|gb|CP011030.1|	100.00	29	0	0	106	134	512873	512845	0.022	54.7
Oe6_s05098	gi|1243442222|gb|CP011030.1|	100.00	29	0	0	106	134	512880	512852	0.022	54.7
Oe6_s05098	gi|1243442222|gb|CP011030.1|	100.00	29	0	0	106	134	512887	512859	0.022	54.7
Oe6_s05098	gi|1243442222|gb|CP011030.1|	100.00	29	0	0	106	134	512894	512866	0.022	54.7
Oe6_s05098	gi|1243442222|gb|CP011030.1|	100.00	29	0	0	106	134	512901	512873	0.022	54.7
Oe6_s05098	gi|1243442222|gb|CP011030.1|	100.00	29	0	0	106	134	512908	512880	0.022	54.7
Oe6_s05098	gi|1243442222|gb|CP011030.1|	100.00	29	0	0	106	134	512915	512887	0.022	54.7
Oe6_s05098	gi|1243442222|gb|CP011030.1|	100.00	29	0	0	106	134	512922	512894	0.022	54.7
Oe6_s05098	gi|1243442222|gb|CP011030.1|	100.00	29	0	0	106	134	512929	512901	0.022	54.7
Oe6_s05098	gi|1243442222|gb|CP011030.1|	100.00	29	0	0	106	134	512936	512908	0.022	54.7
Oe6_s05098	gi|1243442222|gb|CP011030.1|	100.00	29	0	0	106	134	512943	512915	0.022	54.7
Oe6_s05098	gi|1243442222|gb|CP011030.1|	100.00	29	0	0	106	134	512950	512922	0.022	54.7
Oe6_s05098	gi|1243442222|gb|CP011030.1|	100.00	29	0	0	106	134	512957	512929	0.022	54.7
Oe6_s05098	gi|1243442222|gb|CP011030.1|	100.00	29	0	0	106	134	512964	512936	0.022	54.7
Oe6_s05098	gi|1243442222|gb|CP011030.1|	100.00	29	0	0	106	134	512971	512943	0.022	54.7
Oe6_s05098	gi|1243442222|gb|CP011030.1|	100.00	29	0	0	106	134	512978	512950	0.022	54.7
Oe6_s05098	gi|1243442222|gb|CP011030.1|	100.00	29	0	0	106	134	512985	512957	0.022	54.7
Oe6_s05098	gi|1243442222|gb|CP011030.1|	100.00	29	0	0	106	134	512992	512964	0.022	54.7
Oe6_s05098	gi|1243442222|gb|CP011030.1|	100.00	29	0	0	106	134	512999	512971	0.022	54.7
Oe6_s05098	gi|1243442222|gb|CP011030.1|	100.00	29	0	0	106	134	513006	512978	0.022	54.7
Oe6_s05098	gi|1243442222|gb|CP011030.1|	100.00	29	0	0	106	134	513013	512985	0.022	54.7
Oe6_s05098	gi|1243442222|gb|CP011030.1|	100.00	29	0	0	106	134	513020	512992	0.022	54.7
Oe6_s05098	gi|1243442222|gb|CP011030.1|	100.00	29	0	0	106	134	513027	512999	0.022	54.7
Oe6_s05098	gi|1243442222|gb|CP011030.1|	100.00	29	0	0	106	134	513034	513006	0.022	54.7
Oe6_s05098	gi|1243442222|gb|CP011030.1|	100.00	29	0	0	106	134	513041	513013	0.022	54.7
Oe6_s05098	gi|1243442222|gb|CP011030.1|	100.00	29	0	0	106	134	513048	513020	0.022	54.7
Oe6_s05098	gi|1243442222|gb|CP011030.1|	100.00	29	0	0	106	134	513055	513027	0.022	54.7
Oe6_s05098	gi|1243442222|gb|CP011030.1|	100.00	29	0	0	106	134	513062	513034	0.022	54.7
Oe6_s05098	gi|1243442222|gb|CP011030.1|	100.00	29	0	0	106	134	513069	513041	0.022	54.7
Oe6_s05098	gi|1243442222|gb|CP011030.1|	100.00	29	0	0	106	134	513076	513048	0.022	54.7
Oe6_s05098	gi|1243442222|gb|CP011030.1|	100.00	29	0	0	106	134	513083	513055	0.022	54.7
Oe6_s05098	gi|1243442222|gb|CP011030.1|	100.00	29	0	0	106	134	513090	513062	0.022	54.7
Oe6_s05098	gi|1243442222|gb|CP011030.1|	100.00	29	0	0	106	134	513097	513069	0.022	54.7
Oe6_s05098	gi|1243442222|gb|CP011030.1|	100.00	29	0	0	106	134	513104	513076	0.022	54.7
Oe6_s05098	gi|1243442222|gb|CP011030.1|	100.00	29	0	0	106	134	513111	513083	0.022	54.7
Oe6_s05098	gi|1243442222|gb|CP011030.1|	100.00	29	0	0	106	134	513118	513090	0.022	54.7
Oe6_s05098	gi|1243442222|gb|CP011030.1|	100.00	29	0	0	106	134	513125	513097	0.022	54.7
Oe6_s05098	gi|1243442222|gb|CP011030.1|	100.00	29	0	0	106	134	513132	513104	0.022	54.7
Oe6_s05098	gi|1243442222|gb|CP011030.1|	100.00	29	0	0	106	134	513139	513111	0.022	54.7
Oe6_s05098	gi|1243442222|gb|CP011030.1|	100.00	29	0	0	106	134	513146	513118	0.022	54.7
Oe6_s05098	gi|1243442222|gb|CP011030.1|	100.00	29	0	0	106	134	513153	513125	0.022	54.7
Oe6_s05098	gi|1243442222|gb|CP011030.1|	100.00	29	0	0	106	134	513160	513132	0.022	54.7
Oe6_s05098	gi|1243442222|gb|CP011030.1|	100.00	29	0	0	106	134	513167	513139	0.022	54.7
Oe6_s05098	gi|1243442222|gb|CP011030.1|	100.00	29	0	0	106	134	513174	513146	0.022	54.7
Oe6_s05098	gi|1243442222|gb|CP011030.1|	100.00	29	0	0	106	134	513181	513153	0.022	54.7
Oe6_s05098	gi|1243442222|gb|CP011030.1|	100.00	29	0	0	106	134	513188	513160	0.022	54.7
Oe6_s05098	gi|1243442222|gb|CP011030.1|	100.00	29	0	0	106	134	545586	545558	0.022	54.7
Oe6_s05098	gi|1243442222|gb|CP011030.1|	100.00	29	0	0	106	134	545593	545565	0.022	54.7
Oe6_s05098	gi|1243442222|gb|CP011030.1|	100.00	29	0	0	106	134	545600	545572	0.022	54.7
Oe6_s05098	gi|1243442222|gb|CP011030.1|	100.00	29	0	0	106	134	545607	545579	0.022	54.7
Oe6_s05098	gi|1243442222|gb|CP011030.1|	100.00	29	0	0	106	134	545614	545586	0.022	54.7
Oe6_s05098	gi|1243442222|gb|CP011030.1|	100.00	29	0	0	106	134	545621	545593	0.022	54.7
Oe6_s05098	gi|1243442222|gb|CP011030.1|	100.00	29	0	0	106	134	545628	545600	0.022	54.7
Oe6_s05098	gi|1243442222|gb|CP011030.1|	100.00	29	0	0	106	134	545635	545607	0.022	54.7
Oe6_s05098	gi|1243442222|gb|CP011030.1|	100.00	29	0	0	106	134	545642	545614	0.022	54.7
Oe6_s05098	gi|1243442222|gb|CP011030.1|	100.00	29	0	0	106	134	545649	545621	0.022	54.7
Oe6_s05098	gi|1243442222|gb|CP011030.1|	100.00	29	0	0	106	134	545656	545628	0.022	54.7
Oe6_s05098	gi|1243442222|gb|CP011030.1|	100.00	29	0	0	106	134	545663	545635	0.022	54.7
Oe6_s05098	gi|1243442222|gb|CP011030.1|	100.00	29	0	0	106	134	545670	545642	0.022	54.7
Oe6_s05098	gi|1243442222|gb|CP011030.1|	100.00	29	0	0	106	134	545677	545649	0.022	54.7
Oe6_s05098	gi|1243442222|gb|CP011030.1|	100.00	29	0	0	106	134	545684	545656	0.022	54.7
Oe6_s05098	gi|1243442222|gb|CP011030.1|	100.00	29	0	0	106	134	545691	545663	0.022	54.7
Oe6_s05098	gi|1243442222|gb|CP011030.1|	100.00	29	0	0	106	134	545698	545670	0.022	54.7
Oe6_s05098	gi|1243442222|gb|CP011030.1|	100.00	29	0	0	106	134	545705	545677	0.022	54.7
Oe6_s05098	gi|1243442222|gb|CP011030.1|	100.00	29	0	0	106	134	545712	545684	0.022	54.7
Oe6_s05098	gi|1243442222|gb|CP011030.1|	100.00	29	0	0	106	134	545719	545691	0.022	54.7
Oe6_s05098	gi|1243442222|gb|CP011030.1|	100.00	29	0	0	106	134	545726	545698	0.022	54.7
Oe6_s05098	gi|1243442222|gb|CP011030.1|	100.00	29	0	0	106	134	545733	545705	0.022	54.7
Oe6_s05098	gi|1243442222|gb|CP011030.1|	100.00	29	0	0	106	134	545740	545712	0.022	54.7
Oe6_s05098	gi|1243442222|gb|CP011030.1|	100.00	29	0	0	106	134	545747	545719	0.022	54.7
Oe6_s05098	gi|1243442222|gb|CP011030.1|	100.00	29	0	0	106	134	545754	545726	0.022	54.7
Oe6_s05098	gi|1243442222|gb|CP011030.1|	100.00	29	0	0	106	134	545761	545733	0.022	54.7
Oe6_s05098	gi|1243442222|gb|CP011030.1|	100.00	29	0	0	106	134	545768	545740	0.022	54.7
Oe6_s05098	gi|1243442222|gb|CP011030.1|	100.00	29	0	0	106	134	545775	545747	0.022	54.7
Oe6_s05098	gi|1243442222|gb|CP011030.1|	100.00	29	0	0	106	134	545782	545754	0.022	54.7
Oe6_s05098	gi|1243442222|gb|CP011030.1|	100.00	29	0	0	106	134	545789	545761	0.022	54.7
Oe6_s05098	gi|1243442222|gb|CP011030.1|	100.00	29	0	0	106	134	545796	545768	0.022	54.7
Oe6_s05098	gi|1243442222|gb|CP011030.1|	100.00	29	0	0	106	134	545803	545775	0.022	54.7
Oe6_s05098	gi|1243442222|gb|CP011030.1|	100.00	29	0	0	106	134	545810	545782	0.022	54.7
Oe6_s05098	gi|1243442222|gb|CP011030.1|	100.00	29	0	0	106	134	545817	545789	0.022	54.7
Oe6_s05098	gi|1243442222|gb|CP011030.1|	100.00	29	0	0	106	134	545824	545796	0.022	54.7
Oe6_s05098	gi|1243442222|gb|CP011030.1|	100.00	29	0	0	106	134	545831	545803	0.022	54.7
Oe6_s05098	gi|1243442222|gb|CP011030.1|	100.00	29	0	0	106	134	545838	545810	0.022	54.7
Oe6_s05098	gi|1243442222|gb|CP011030.1|	100.00	29	0	0	106	134	545845	545817	0.022	54.7
Oe6_s05098	gi|1243442222|gb|CP011030.1|	100.00	29	0	0	106	134	545852	545824	0.022	54.7
Oe6_s05098	gi|1243442222|gb|CP011030.1|	100.00	29	0	0	106	134	545859	545831	0.022	54.7
Oe6_s05098	gi|1243442222|gb|CP011030.1|	100.00	29	0	0	106	134	545866	545838	0.022	54.7
Oe6_s05098	gi|1243442222|gb|CP011030.1|	100.00	29	0	0	106	134	545873	545845	0.022	54.7
Oe6_s05098	gi|1243442222|gb|CP011030.1|	100.00	29	0	0	106	134	545880	545852	0.022	54.7
Oe6_s05098	gi|1243442222|gb|CP011030.1|	100.00	29	0	0	106	134	545887	545859	0.022	54.7
Oe6_s05098	gi|1243442222|gb|CP011030.1|	100.00	29	0	0	106	134	545894	545866	0.022	54.7
Oe6_s05098	gi|1243442222|gb|CP011030.1|	100.00	29	0	0	106	134	545901	545873	0.022	54.7
Oe6_s05098	gi|1243442222|gb|CP011030.1|	100.00	29	0	0	106	134	545908	545880	0.022	54.7
Oe6_s05098	gi|1243442222|gb|CP011030.1|	100.00	29	0	0	106	134	545915	545887	0.022	54.7
Oe6_s05098	gi|1243442222|gb|CP011030.1|	100.00	29	0	0	106	134	545922	545894	0.022	54.7
Oe6_s05098	gi|1243442222|gb|CP011030.1|	100.00	29	0	0	106	134	545929	545901	0.022	54.7
Oe6_s05098	gi|1243442222|gb|CP011030.1|	100.00	29	0	0	106	134	545936	545908	0.022	54.7
Oe6_s05098	gi|1243442222|gb|CP011030.1|	100.00	29	0	0	106	134	545943	545915	0.022	54.7
Oe6_s05098	gi|1243442222|gb|CP011030.1|	100.00	29	0	0	106	134	545950	545922	0.022	54.7
Oe6_s05098	gi|1243442222|gb|CP011030.1|	100.00	29	0	0	106	134	545957	545929	0.022	54.7
Oe6_s05098	gi|1243442222|gb|CP011030.1|	100.00	29	0	0	106	134	545964	545936	0.022	54.7
Oe6_s05098	gi|1243442222|gb|CP011030.1|	100.00	29	0	0	106	134	545971	545943	0.022	54.7
Oe6_s05098	gi|1243442222|gb|CP011030.1|	100.00	29	0	0	106	134	545978	545950	0.022	54.7
Oe6_s05098	gi|1243442222|gb|CP011030.1|	100.00	29	0	0	106	134	545985	545957	0.022	54.7
Oe6_s05098	gi|1243442222|gb|CP011030.1|	100.00	29	0	0	106	134	545992	545964	0.022	54.7
Oe6_s05098	gi|1243442222|gb|CP011030.1|	100.00	29	0	0	106	134	545999	545971	0.022	54.7
Oe6_s05098	gi|1243442222|gb|CP011030.1|	100.00	29	0	0	106	134	546006	545978	0.022	54.7
Oe6_s05098	gi|1243442222|gb|CP011030.1|	100.00	29	0	0	106	134	546013	545985	0.022	54.7
Oe6_s05098	gi|1243442222|gb|CP011030.1|	100.00	29	0	0	106	134	546020	545992	0.022	54.7
Oe6_s05098	gi|1243442222|gb|CP011030.1|	100.00	29	0	0	106	134	546027	545999	0.022	54.7
Oe6_s05098	gi|1243442222|gb|CP011030.1|	100.00	29	0	0	106	134	546034	546006	0.022	54.7
Oe6_s05098	gi|1243442222|gb|CP011030.1|	100.00	29	0	0	106	134	546041	546013	0.022	54.7
Oe6_s05098	gi|1243442222|gb|CP011030.1|	100.00	29	0	0	106	134	546048	546020	0.022	54.7
Oe6_s05098	gi|1243442222|gb|CP011030.1|	100.00	29	0	0	106	134	546055	546027	0.022	54.7
Oe6_s05098	gi|1243442222|gb|CP011030.1|	100.00	29	0	0	106	134	546062	546034	0.022	54.7
Oe6_s05098	gi|1243442222|gb|CP011030.1|	100.00	29	0	0	106	134	546069	546041	0.022	54.7
Oe6_s05098	gi|1243442222|gb|CP011030.1|	100.00	29	0	0	106	134	546076	546048	0.022	54.7
Oe6_s05098	gi|1243442222|gb|CP011030.1|	100.00	29	0	0	106	134	546083	546055	0.022	54.7
Oe6_s05098	gi|1243442222|gb|CP011030.1|	100.00	29	0	0	106	134	555444	555416	0.022	54.7
Oe6_s05098	gi|1243442222|gb|CP011030.1|	100.00	29	0	0	106	134	555451	555423	0.022	54.7
Oe6_s05098	gi|1243442222|gb|CP011030.1|	100.00	29	0	0	106	134	555458	555430	0.022	54.7
Oe6_s05098	gi|1243442222|gb|CP011030.1|	100.00	29	0	0	106	134	555465	555437	0.022	54.7
Oe6_s05098	gi|1243442222|gb|CP011030.1|	100.00	29	0	0	106	134	555472	555444	0.022	54.7
Oe6_s05098	gi|1243442222|gb|CP011030.1|	100.00	29	0	0	106	134	560606	560578	0.022	54.7
Oe6_s05098	gi|1243442222|gb|CP011030.1|	100.00	29	0	0	106	134	560613	560585	0.022	54.7
Oe6_s05098	gi|1243442222|gb|CP011030.1|	100.00	29	0	0	106	134	560620	560592	0.022	54.7
Oe6_s05098	gi|1243442222|gb|CP011030.1|	100.00	29	0	0	106	134	560627	560599	0.022	54.7
Oe6_s05098	gi|1243442222|gb|CP011030.1|	100.00	29	0	0	106	134	560634	560606	0.022	54.7
Oe6_s05098	gi|1243442222|gb|CP011030.1|	100.00	29	0	0	106	134	2583204	2583176	0.022	54.7
Oe6_s05098	gi|1243442222|gb|CP011030.1|	100.00	28	0	0	107	134	560640	560613	0.077	52.8
Oe6_s05098	gi|1243416811|gb|CP023336.1|	100.00	29	0	0	106	134	860005	860033	0.022	54.7
Oe6_s05098	gi|1243416744|gb|CP023330.1|	100.00	29	0	0	106	134	860005	860033	0.022	54.7
Oe6_s05098	gi|1219741010|gb|CP012881.1|	100.00	29	0	0	106	134	607192	607220	0.022	54.7
Oe6_s05098	gi|1219741010|gb|CP012881.1|	100.00	29	0	0	106	134	607199	607227	0.022	54.7
Oe6_s05098	gi|1219741010|gb|CP012881.1|	100.00	29	0	0	106	134	607206	607234	0.022	54.7
Oe6_s05098	gi|1219741010|gb|CP012881.1|	100.00	29	0	0	106	134	607213	607241	0.022	54.7
Oe6_s05098	gi|1219741010|gb|CP012881.1|	100.00	29	0	0	106	134	607220	607248	0.022	54.7
Oe6_s05098	gi|1219741010|gb|CP012881.1|	100.00	29	0	0	106	134	607227	607255	0.022	54.7
Oe6_s05098	gi|1219741010|gb|CP012881.1|	100.00	29	0	0	106	134	607234	607262	0.022	54.7
Oe6_s05098	gi|1219741010|gb|CP012881.1|	100.00	29	0	0	106	134	607241	607269	0.022	54.7
Oe6_s05098	gi|1219741010|gb|CP012881.1|	100.00	29	0	0	106	134	2322415	2322387	0.022	54.7
Oe6_s05098	gi|1219741010|gb|CP012881.1|	100.00	29	0	0	106	134	2322422	2322394	0.022	54.7
Oe6_s05098	gi|1214590979|gb|CP014636.1|	100.00	29	0	0	106	134	861789	861761	0.022	54.7
Oe6_s05098	gi|1214590979|gb|CP014636.1|	100.00	29	0	0	106	134	861796	861768	0.022	54.7
Oe6_s05098	gi|1214590979|gb|CP014636.1|	100.00	29	0	0	106	134	2398430	2398458	0.022	54.7
Oe6_s05098	gi|1214590979|gb|CP014636.1|	100.00	29	0	0	106	134	2398437	2398465	0.022	54.7
Oe6_s05098	gi|1214590979|gb|CP014636.1|	100.00	29	0	0	106	134	2398444	2398472	0.022	54.7
Oe6_s05098	gi|1214590979|gb|CP014636.1|	100.00	29	0	0	106	134	2398451	2398479	0.022	54.7
Oe6_s05098	gi|1214590979|gb|CP014636.1|	100.00	29	0	0	106	134	2398458	2398486	0.022	54.7
Oe6_s05098	gi|1214590979|gb|CP014636.1|	100.00	29	0	0	106	134	2398465	2398493	0.022	54.7
Oe6_s05098	gi|1214590979|gb|CP014636.1|	100.00	29	0	0	106	134	2398472	2398500	0.022	54.7
Oe6_s05098	gi|1214590979|gb|CP014636.1|	100.00	29	0	0	106	134	2398479	2398507	0.022	54.7
Oe6_s05098	gi|1214590979|gb|CP014636.1|	100.00	29	0	0	106	134	2398486	2398514	0.022	54.7
Oe6_s05098	gi|1214590979|gb|CP014636.1|	100.00	29	0	0	106	134	2398493	2398521	0.022	54.7
Oe6_s05098	gi|1214590979|gb|CP014636.1|	100.00	29	0	0	106	134	2398500	2398528	0.022	54.7
Oe6_s05098	gi|1214590979|gb|CP014636.1|	100.00	29	0	0	106	134	2398507	2398535	0.022	54.7
Oe6_s05098	gi|1209347959|gb|CP016321.1|	100.00	29	0	0	106	134	854479	854451	0.022	54.7
Oe6_s05098	gi|1209347959|gb|CP016321.1|	100.00	29	0	0	106	134	854486	854458	0.022	54.7
Oe6_s05098	gi|1209347959|gb|CP016321.1|	100.00	29	0	0	106	134	854493	854465	0.022	54.7
Oe6_s05098	gi|1209347959|gb|CP016321.1|	100.00	29	0	0	106	134	2367475	2367503	0.022	54.7
Oe6_s05098	gi|1209347959|gb|CP016321.1|	100.00	29	0	0	106	134	2367482	2367510	0.022	54.7
Oe6_s05098	gi|1209347959|gb|CP016321.1|	100.00	29	0	0	106	134	2367489	2367517	0.022	54.7
Oe6_s05098	gi|1209347959|gb|CP016321.1|	100.00	28	0	0	107	134	854499	854472	0.077	52.8
Oe6_s05098	gi|1193145098|gb|CP021151.1|	96.97	33	0	1	106	137	138633	138601	0.022	54.7
Oe6_s05098	gi|1193145098|gb|CP021151.1|	100.00	29	0	0	106	134	138640	138612	0.022	54.7
Oe6_s05098	gi|1193145098|gb|CP021151.1|	100.00	29	0	0	106	134	138647	138619	0.022	54.7
Oe6_s05098	gi|1193145098|gb|CP021151.1|	100.00	29	0	0	106	134	138654	138626	0.022	54.7
Oe6_s05098	gi|1193145098|gb|CP021151.1|	100.00	29	0	0	106	134	138661	138633	0.022	54.7
Oe6_s05098	gi|1193145098|gb|CP021151.1|	100.00	29	0	0	106	134	138668	138640	0.022	54.7
Oe6_s05098	gi|1193145098|gb|CP021151.1|	100.00	29	0	0	106	134	138675	138647	0.022	54.7
Oe6_s05098	gi|1193145098|gb|CP021151.1|	100.00	29	0	0	106	134	138682	138654	0.022	54.7
Oe6_s05098	gi|1193145098|gb|CP021151.1|	100.00	29	0	0	106	134	138689	138661	0.022	54.7
Oe6_s05098	gi|1193145098|gb|CP021151.1|	100.00	29	0	0	106	134	138696	138668	0.022	54.7
Oe6_s05098	gi|1193145098|gb|CP021151.1|	100.00	29	0	0	106	134	138703	138675	0.022	54.7
Oe6_s05098	gi|1193145098|gb|CP021151.1|	100.00	29	0	0	106	134	138710	138682	0.022	54.7
Oe6_s05098	gi|1193145098|gb|CP021151.1|	100.00	28	0	0	107	134	138716	138689	0.077	52.8
Oe6_s05098	gi|1192781048|dbj|AP018045.1|	96.97	33	0	1	106	137	314868	314836	0.022	54.7
Oe6_s05098	gi|1192781048|dbj|AP018045.1|	100.00	29	0	0	106	134	314875	314847	0.022	54.7
Oe6_s05098	gi|1192781048|dbj|AP018045.1|	100.00	29	0	0	106	134	314882	314854	0.022	54.7
Oe6_s05098	gi|1192781048|dbj|AP018045.1|	100.00	29	0	0	106	134	314889	314861	0.022	54.7
Oe6_s05098	gi|1192781048|dbj|AP018045.1|	100.00	29	0	0	106	134	314896	314868	0.022	54.7
Oe6_s05098	gi|1192781048|dbj|AP018045.1|	100.00	29	0	0	106	134	314903	314875	0.022	54.7
Oe6_s05098	gi|1192781048|dbj|AP018045.1|	100.00	29	0	0	106	134	314910	314882	0.022	54.7
Oe6_s05098	gi|1192781048|dbj|AP018045.1|	100.00	29	0	0	106	134	314917	314889	0.022	54.7
Oe6_s05098	gi|1192781048|dbj|AP018045.1|	100.00	29	0	0	106	134	314924	314896	0.022	54.7
Oe6_s05098	gi|1192781048|dbj|AP018045.1|	100.00	29	0	0	106	134	314931	314903	0.022	54.7
Oe6_s05098	gi|1192781048|dbj|AP018045.1|	100.00	29	0	0	106	134	314938	314910	0.022	54.7
Oe6_s05098	gi|1192781048|dbj|AP018045.1|	100.00	29	0	0	106	134	314945	314917	0.022	54.7
Oe6_s05098	gi|1192781048|dbj|AP018045.1|	100.00	29	0	0	106	134	314952	314924	0.022	54.7
Oe6_s05098	gi|1192781048|dbj|AP018045.1|	100.00	29	0	0	106	134	314959	314931	0.022	54.7
Oe6_s05098	gi|1192781048|dbj|AP018045.1|	100.00	29	0	0	106	134	314966	314938	0.022	54.7
Oe6_s05098	gi|1192781048|dbj|AP018045.1|	100.00	29	0	0	106	134	314973	314945	0.022	54.7
Oe6_s05098	gi|1192781048|dbj|AP018045.1|	100.00	29	0	0	106	134	314980	314952	0.022	54.7
Oe6_s05098	gi|1192781048|dbj|AP018045.1|	100.00	29	0	0	106	134	314987	314959	0.022	54.7
Oe6_s05098	gi|1192781048|dbj|AP018045.1|	100.00	29	0	0	106	134	314994	314966	0.022	54.7
Oe6_s05098	gi|1192781048|dbj|AP018045.1|	100.00	29	0	0	106	134	315001	314973	0.022	54.7
Oe6_s05098	gi|1192781048|dbj|AP018045.1|	100.00	29	0	0	106	134	315008	314980	0.022	54.7
Oe6_s05098	gi|1192781048|dbj|AP018045.1|	100.00	29	0	0	106	134	315015	314987	0.022	54.7
Oe6_s05098	gi|1192781048|dbj|AP018045.1|	100.00	29	0	0	106	134	315022	314994	0.022	54.7
Oe6_s05098	gi|1192781048|dbj|AP018045.1|	100.00	29	0	0	106	134	315029	315001	0.022	54.7
Oe6_s05098	gi|1192781048|dbj|AP018045.1|	100.00	29	0	0	106	134	315036	315008	0.022	54.7
Oe6_s05098	gi|1192781048|dbj|AP018045.1|	100.00	29	0	0	106	134	315043	315015	0.022	54.7
Oe6_s05098	gi|1192781048|dbj|AP018045.1|	100.00	29	0	0	106	134	315050	315022	0.022	54.7
Oe6_s05098	gi|1192781048|dbj|AP018045.1|	100.00	29	0	0	106	134	315057	315029	0.022	54.7
Oe6_s05098	gi|1192781048|dbj|AP018045.1|	100.00	28	0	0	107	134	315063	315036	0.077	52.8
Oe6_s05098	gi|1142888502|gb|CP018202.1|	100.00	29	0	0	106	134	1019534	1019506	0.022	54.7
Oe6_s05098	gi|1134496220|gb|CP019285.1|	100.00	29	0	0	106	134	311586	311558	0.022	54.7
Oe6_s05098	gi|1134496220|gb|CP019285.1|	100.00	29	0	0	106	134	311593	311565	0.022	54.7
Oe6_s05098	gi|1109565244|gb|CP015455.1|	100.00	29	0	0	106	134	1323176	1323148	0.022	54.7
Oe6_s05098	gi|1109565244|gb|CP015455.1|	100.00	29	0	0	106	134	2128113	2128141	0.022	54.7
Oe6_s05098	gi|1109565244|gb|CP015455.1|	100.00	29	0	0	106	134	2128120	2128148	0.022	54.7
Oe6_s05098	gi|1109565244|gb|CP015455.1|	100.00	29	0	0	106	134	2128127	2128155	0.022	54.7
Oe6_s05098	gi|1109565244|gb|CP015455.1|	100.00	29	0	0	106	134	2128134	2128162	0.022	54.7
Oe6_s05098	gi|1109565244|gb|CP015455.1|	100.00	29	0	0	106	134	2128141	2128169	0.022	54.7
Oe6_s05098	gi|1109565244|gb|CP015455.1|	100.00	29	0	0	106	134	2128148	2128176	0.022	54.7
Oe6_s05098	gi|1109565244|gb|CP015455.1|	100.00	29	0	0	106	134	2128155	2128183	0.022	54.7
Oe6_s05098	gi|1109565244|gb|CP015455.1|	100.00	29	0	0	106	134	2128162	2128190	0.022	54.7
Oe6_s05098	gi|1109565244|gb|CP015455.1|	100.00	29	0	0	106	134	2128169	2128197	0.022	54.7
Oe6_s05098	gi|1109565244|gb|CP015455.1|	100.00	29	0	0	106	134	3043374	3043346	0.022	54.7
Oe6_s05098	gi|1109565244|gb|CP015455.1|	100.00	29	0	0	106	134	3043381	3043353	0.022	54.7
Oe6_s05098	gi|1109565244|gb|CP015455.1|	100.00	29	0	0	106	134	3043388	3043360	0.022	54.7
Oe6_s05098	gi|1109565244|gb|CP015455.1|	100.00	29	0	0	106	134	3043395	3043367	0.022	54.7
Oe6_s05098	gi|1109565244|gb|CP015455.1|	100.00	29	0	0	106	134	3043402	3043374	0.022	54.7
Oe6_s05098	gi|1109565244|gb|CP015455.1|	100.00	29	0	0	106	134	3043409	3043381	0.022	54.7
Oe6_s05098	gi|1109565244|gb|CP015455.1|	100.00	28	0	0	106	133	2128176	2128203	0.077	52.8
Oe6_s05098	gi|1109390198|gb|CP015518.1|	100.00	29	0	0	106	134	248643	248671	0.022	54.7
Oe6_s05098	gi|1109390198|gb|CP015518.1|	100.00	29	0	0	106	134	248650	248678	0.022	54.7
Oe6_s05098	gi|1109390198|gb|CP015518.1|	100.00	29	0	0	106	134	248657	248685	0.022	54.7
Oe6_s05098	gi|1109390198|gb|CP015518.1|	100.00	29	0	0	106	134	248664	248692	0.022	54.7
Oe6_s05098	gi|1109390198|gb|CP015518.1|	100.00	29	0	0	106	134	248671	248699	0.022	54.7
Oe6_s05098	gi|1109390198|gb|CP015518.1|	100.00	29	0	0	106	134	248678	248706	0.022	54.7
Oe6_s05098	gi|1109390198|gb|CP015518.1|	100.00	29	0	0	106	134	248685	248713	0.022	54.7
Oe6_s05098	gi|1109390198|gb|CP015518.1|	100.00	29	0	0	106	134	248692	248720	0.022	54.7
Oe6_s05098	gi|1109390198|gb|CP015518.1|	100.00	29	0	0	106	134	248699	248727	0.022	54.7
Oe6_s05098	gi|1109390198|gb|CP015518.1|	100.00	29	0	0	106	134	1163958	1163930	0.022	54.7
Oe6_s05098	gi|1109390198|gb|CP015518.1|	100.00	29	0	0	106	134	1163965	1163937	0.022	54.7
Oe6_s05098	gi|1109390198|gb|CP015518.1|	100.00	29	0	0	106	134	1163972	1163944	0.022	54.7
Oe6_s05098	gi|1109390198|gb|CP015518.1|	100.00	29	0	0	106	134	1163979	1163951	0.022	54.7
Oe6_s05098	gi|1109390198|gb|CP015518.1|	100.00	29	0	0	106	134	1163986	1163958	0.022	54.7
Oe6_s05098	gi|1109390198|gb|CP015518.1|	100.00	29	0	0	106	134	1163993	1163965	0.022	54.7
Oe6_s05098	gi|1109390198|gb|CP015518.1|	100.00	29	0	0	106	134	2620057	2620029	0.022	54.7
Oe6_s05098	gi|1109390198|gb|CP015518.1|	100.00	28	0	0	106	133	248706	248733	0.077	52.8
Oe6_s05098	gi|1061688395|gb|CP013425.1|	100.00	29	0	0	106	134	501881	501853	0.022	54.7
Oe6_s05098	gi|1061688395|gb|CP013425.1|	100.00	29	0	0	106	134	501888	501860	0.022	54.7
Oe6_s05098	gi|1061688395|gb|CP013425.1|	100.00	29	0	0	106	134	501895	501867	0.022	54.7
Oe6_s05098	gi|1061688395|gb|CP013425.1|	100.00	29	0	0	106	134	501902	501874	0.022	54.7
Oe6_s05098	gi|1061688395|gb|CP013425.1|	100.00	29	0	0	106	134	501909	501881	0.022	54.7
Oe6_s05098	gi|1061688395|gb|CP013425.1|	100.00	29	0	0	106	134	501916	501888	0.022	54.7
Oe6_s05098	gi|1061688395|gb|CP013425.1|	100.00	29	0	0	106	134	501923	501895	0.022	54.7
Oe6_s05098	gi|1061688395|gb|CP013425.1|	100.00	29	0	0	106	134	501930	501902	0.022	54.7
Oe6_s05098	gi|1061688395|gb|CP013425.1|	100.00	29	0	0	106	134	501937	501909	0.022	54.7
Oe6_s05098	gi|1061688395|gb|CP013425.1|	100.00	29	0	0	106	134	501944	501916	0.022	54.7
Oe6_s05098	gi|1061688395|gb|CP013425.1|	100.00	29	0	0	106	134	501951	501923	0.022	54.7
Oe6_s05098	gi|1061688395|gb|CP013425.1|	100.00	29	0	0	106	134	501958	501930	0.022	54.7
Oe6_s05098	gi|1061688395|gb|CP013425.1|	100.00	29	0	0	106	134	501965	501937	0.022	54.7
Oe6_s05098	gi|1061688395|gb|CP013425.1|	100.00	29	0	0	106	134	501972	501944	0.022	54.7
Oe6_s05098	gi|1061688395|gb|CP013425.1|	100.00	29	0	0	106	134	501979	501951	0.022	54.7
Oe6_s05098	gi|1061688395|gb|CP013425.1|	100.00	29	0	0	106	134	501986	501958	0.022	54.7
Oe6_s05098	gi|1061688395|gb|CP013425.1|	100.00	29	0	0	106	134	501993	501965	0.022	54.7
Oe6_s05098	gi|1061688395|gb|CP013425.1|	100.00	29	0	0	106	134	502000	501972	0.022	54.7
Oe6_s05098	gi|1061688395|gb|CP013425.1|	100.00	29	0	0	106	134	502007	501979	0.022	54.7
Oe6_s05098	gi|1061688395|gb|CP013425.1|	100.00	29	0	0	106	134	502014	501986	0.022	54.7
Oe6_s05098	gi|1061688395|gb|CP013425.1|	100.00	29	0	0	106	134	502021	501993	0.022	54.7
Oe6_s05098	gi|1061688395|gb|CP013425.1|	100.00	29	0	0	106	134	1966335	1966363	0.022	54.7
Oe6_s05098	gi|1061688395|gb|CP013425.1|	100.00	29	0	0	106	134	1966342	1966370	0.022	54.7
Oe6_s05098	gi|1061688395|gb|CP013425.1|	100.00	29	0	0	106	134	1966349	1966377	0.022	54.7
Oe6_s05098	gi|1061688395|gb|CP013425.1|	100.00	28	0	0	106	133	1966356	1966383	0.077	52.8
Oe6_s05098	gi|1033647871|gb|CP011775.1|	100.00	29	0	0	106	134	876034	876006	0.022	54.7
Oe6_s05098	gi|1033647871|gb|CP011775.1|	100.00	29	0	0	106	134	876041	876013	0.022	54.7
Oe6_s05098	gi|1033647871|gb|CP011775.1|	100.00	28	0	0	107	134	876047	876020	0.077	52.8
Oe6_s05098	gi|991842891|gb|CP014049.1|	100.00	29	0	0	106	134	470599	470571	0.022	54.7
Oe6_s05098	gi|991842891|gb|CP014049.1|	100.00	29	0	0	106	134	470606	470578	0.022	54.7
Oe6_s05098	gi|991842891|gb|CP014049.1|	100.00	29	0	0	106	134	470613	470585	0.022	54.7
Oe6_s05098	gi|991842891|gb|CP014049.1|	100.00	28	0	0	107	134	470619	470592	0.077	52.8
Oe6_s05098	gi|961461195|gb|CP011034.1|	96.97	33	0	1	106	137	703919	703887	0.022	54.7
Oe6_s05098	gi|961461195|gb|CP011034.1|	100.00	29	0	0	106	134	703926	703898	0.022	54.7
Oe6_s05098	gi|958524168|gb|CP013350.1|	100.00	29	0	0	106	134	512781	512753	0.022	54.7
Oe6_s05098	gi|958524168|gb|CP013350.1|	100.00	29	0	0	106	134	512788	512760	0.022	54.7
Oe6_s05098	gi|958524168|gb|CP013350.1|	100.00	29	0	0	106	134	512795	512767	0.022	54.7
Oe6_s05098	gi|958524168|gb|CP013350.1|	100.00	29	0	0	106	134	512802	512774	0.022	54.7
Oe6_s05098	gi|958524168|gb|CP013350.1|	100.00	29	0	0	106	134	512809	512781	0.022	54.7
Oe6_s05098	gi|958524168|gb|CP013350.1|	100.00	29	0	0	106	134	512816	512788	0.022	54.7
Oe6_s05098	gi|958524168|gb|CP013350.1|	100.00	29	0	0	106	134	512823	512795	0.022	54.7
Oe6_s05098	gi|958524168|gb|CP013350.1|	100.00	29	0	0	106	134	512830	512802	0.022	54.7
Oe6_s05098	gi|958524168|gb|CP013350.1|	100.00	29	0	0	106	134	512837	512809	0.022	54.7
Oe6_s05098	gi|958524168|gb|CP013350.1|	100.00	29	0	0	106	134	512844	512816	0.022	54.7
Oe6_s05098	gi|958524168|gb|CP013350.1|	100.00	29	0	0	106	134	544785	544757	0.022	54.7
Oe6_s05098	gi|958524168|gb|CP013350.1|	100.00	29	0	0	106	134	544792	544764	0.022	54.7
Oe6_s05098	gi|958524168|gb|CP013350.1|	100.00	29	0	0	106	134	544799	544771	0.022	54.7
Oe6_s05098	gi|958524168|gb|CP013350.1|	100.00	29	0	0	106	134	544806	544778	0.022	54.7
Oe6_s05098	gi|958524168|gb|CP013350.1|	100.00	29	0	0	106	134	544813	544785	0.022	54.7
Oe6_s05098	gi|958524168|gb|CP013350.1|	100.00	29	0	0	106	134	544820	544792	0.022	54.7
Oe6_s05098	gi|958524168|gb|CP013350.1|	100.00	29	0	0	106	134	544827	544799	0.022	54.7
Oe6_s05098	gi|958524168|gb|CP013350.1|	100.00	29	0	0	106	134	544834	544806	0.022	54.7
Oe6_s05098	gi|958524168|gb|CP013350.1|	100.00	29	0	0	106	134	544841	544813	0.022	54.7
Oe6_s05098	gi|958524168|gb|CP013350.1|	100.00	29	0	0	106	134	544848	544820	0.022	54.7
Oe6_s05098	gi|958524168|gb|CP013350.1|	100.00	29	0	0	106	134	554230	554202	0.022	54.7
Oe6_s05098	gi|958524168|gb|CP013350.1|	100.00	29	0	0	106	134	554237	554209	0.022	54.7
Oe6_s05098	gi|958524168|gb|CP013350.1|	100.00	29	0	0	106	134	554244	554216	0.022	54.7
Oe6_s05098	gi|958524168|gb|CP013350.1|	100.00	29	0	0	106	134	554251	554223	0.022	54.7
Oe6_s05098	gi|958524168|gb|CP013350.1|	100.00	29	0	0	106	134	554258	554230	0.022	54.7
Oe6_s05098	gi|958524168|gb|CP013350.1|	100.00	29	0	0	106	134	559391	559363	0.022	54.7
Oe6_s05098	gi|958524168|gb|CP013350.1|	100.00	29	0	0	106	134	559398	559370	0.022	54.7
Oe6_s05098	gi|958524168|gb|CP013350.1|	100.00	29	0	0	106	134	559405	559377	0.022	54.7
Oe6_s05098	gi|958524168|gb|CP013350.1|	100.00	29	0	0	106	134	559412	559384	0.022	54.7
Oe6_s05098	gi|958524168|gb|CP013350.1|	100.00	29	0	0	106	134	559419	559391	0.022	54.7
Oe6_s05098	gi|958524168|gb|CP013350.1|	100.00	29	0	0	106	134	559426	559398	0.022	54.7
Oe6_s05098	gi|958524168|gb|CP013350.1|	100.00	29	0	0	106	134	559433	559405	0.022	54.7
Oe6_s05098	gi|958524168|gb|CP013350.1|	100.00	29	0	0	106	134	2583605	2583577	0.022	54.7
Oe6_s05098	gi|958524168|gb|CP013350.1|	100.00	28	0	0	107	134	559439	559412	0.077	52.8
Oe6_s05098	gi|948521971|gb|CP009984.1|	100.00	29	0	0	106	134	2249344	2249372	0.022	54.7
Oe6_s05098	gi|948521971|gb|CP009984.1|	100.00	29	0	0	106	134	2249351	2249379	0.022	54.7
Oe6_s05098	gi|948521971|gb|CP009984.1|	100.00	28	0	0	107	134	2249338	2249365	0.077	52.8
Oe6_s05098	gi|913610804|gb|CP012333.1|	100.00	29	0	0	106	134	902766	902738	0.022	54.7
Oe6_s05098	gi|913610804|gb|CP012333.1|	100.00	29	0	0	106	134	902773	902745	0.022	54.7
Oe6_s05098	gi|913610804|gb|CP012333.1|	100.00	29	0	0	106	134	902780	902752	0.022	54.7
Oe6_s05098	gi|675334590|gb|CP009261.1|	100.00	29	0	0	106	134	1047370	1047342	0.022	54.7
Oe6_s05098	gi|675334590|gb|CP009261.1|	100.00	29	0	0	106	134	1047377	1047349	0.022	54.7
Oe6_s05098	gi|675334590|gb|CP009261.1|	100.00	29	0	0	106	134	1047384	1047356	0.022	54.7
Oe6_s05098	gi|675334590|gb|CP009261.1|	100.00	29	0	0	106	134	1047391	1047363	0.022	54.7
Oe6_s05098	gi|675334590|gb|CP009261.1|	100.00	29	0	0	106	134	1047398	1047370	0.022	54.7
Oe6_s05098	gi|675334590|gb|CP009261.1|	100.00	28	0	0	107	134	1047404	1047377	0.077	52.8
Oe6_s05098	gi|667677333|gb|AE014297.3|	100.00	29	0	0	106	134	5034283	5034311	0.022	54.7
Oe6_s05098	gi|597578116|ref|XM_007292053.1|	100.00	29	0	0	106	134	138	110	0.022	54.7
Oe6_s05098	gi|319998996|gb|AE016795.3|	100.00	29	0	0	106	134	131391	131419	0.022	54.7
Oe6_s05098	gi|319930158|gb|CP002469.1|	100.00	29	0	0	106	134	2350240	2350268	0.022	54.7
Oe6_s05098	gi|319930158|gb|CP002469.1|	100.00	29	0	0	106	134	2350247	2350275	0.022	54.7
Oe6_s05098	gi|197315370|gb|CP001139.1|	100.00	29	0	0	106	134	670983	670955	0.022	54.7
Oe6_s05098	gi|197315370|gb|CP001139.1|	100.00	28	0	0	107	134	670989	670962	0.077	52.8
Oe6_s05098	gi|50872246|gb|AC007589.8|	100.00	29	0	0	106	134	97295	97323	0.022	54.7
Oe6_s05098	gi|37509034|dbj|BA000037.2|	100.00	29	0	0	106	134	1046977	1046949	0.022	54.7
Oe6_s05098	gi|37509034|dbj|BA000037.2|	100.00	29	0	0	106	134	1046984	1046956	0.022	54.7
Oe6_s05098	gi|37509034|dbj|BA000037.2|	100.00	29	0	0	106	134	1046991	1046963	0.022	54.7
Oe6_s05098	gi|37509034|dbj|BA000037.2|	100.00	29	0	0	106	134	1046998	1046970	0.022	54.7
Oe6_s05098	gi|37509034|dbj|BA000037.2|	100.00	29	0	0	106	134	1047005	1046977	0.022	54.7
Oe6_s05098	gi|37509034|dbj|BA000037.2|	100.00	29	0	0	106	134	1047012	1046984	0.022	54.7
Oe6_s05098	gi|37509034|dbj|BA000037.2|	100.00	29	0	0	106	134	1047019	1046991	0.022	54.7
Oe6_s05098	gi|37509034|dbj|BA000037.2|	100.00	29	0	0	106	134	1047026	1046998	0.022	54.7
Oe6_s05098	gi|37509034|dbj|BA000037.2|	100.00	28	0	0	107	134	1047032	1047005	0.077	52.8
Oe6_s05098	gi|41618417|tpg|BK002305.1|	100.00	29	0	0	106	134	288	316	0.022	54.7
Oe6_s05098	gi|15284179|gb|AC009212.5|	100.00	29	0	0	106	134	64079	64107	0.022	54.7
Oe6_s05098	gi|1189017894|gb|CP015512.1|	100.00	28	0	0	107	134	883469	883442	0.077	52.8
Oe6_s05098	gi|1039806827|gb|CP012739.1|	100.00	28	0	0	107	134	2385730	2385757	0.077	52.8
Oe6_s05098	gi|251773506|gb|CP001661.1|	100.00	28	0	0	106	133	1079035	1079062	0.077	52.8
