Oe6_s02405	gi|12054837|emb|AJ243943.1|	94.27	157	9	0	64503	64659	157	1	5e-57	241
Oe6_s02405	gi|12054837|emb|AJ243943.1|	94.81	154	8	0	43082	43235	157	4	5e-57	241
Oe6_s02405	gi|12054837|emb|AJ243943.1|	93.63	157	10	0	30101	30257	157	1	2e-55	235
Oe6_s02405	gi|12054837|emb|AJ243943.1|	94.16	154	9	0	64423	64576	157	4	2e-55	235
Oe6_s02405	gi|12054837|emb|AJ243943.1|	94.16	154	9	0	48867	49020	157	4	2e-55	235
Oe6_s02405	gi|12054837|emb|AJ243943.1|	94.16	154	9	0	48787	48940	157	4	2e-55	235
Oe6_s02405	gi|12054837|emb|AJ243943.1|	94.16	154	9	0	30181	30334	157	4	2e-55	235
Oe6_s02405	gi|12054837|emb|AJ243943.1|	94.12	153	9	0	88619	88771	157	5	9e-55	233
Oe6_s02405	gi|12054837|emb|AJ243943.1|	93.04	158	11	0	79095	79252	158	1	3e-54	231
Oe6_s02405	gi|12054837|emb|AJ243943.1|	93.55	155	10	0	23871	24025	158	4	3e-54	231
Oe6_s02405	gi|12054837|emb|AJ243943.1|	93.55	155	10	0	23791	23945	158	4	3e-54	231
Oe6_s02405	gi|12054837|emb|AJ243943.1|	93.04	158	10	1	11486	11642	158	1	1e-53	230
Oe6_s02405	gi|12054837|emb|AJ243943.1|	92.99	157	11	0	33456	33612	157	1	1e-53	230
Oe6_s02405	gi|12054837|emb|AJ243943.1|	93.51	154	10	0	102785	102938	157	4	1e-53	230
Oe6_s02405	gi|12054837|emb|AJ243943.1|	93.51	154	10	0	102705	102858	157	4	1e-53	230
Oe6_s02405	gi|12054837|emb|AJ243943.1|	93.51	154	10	0	97415	97568	157	4	1e-53	230
Oe6_s02405	gi|12054837|emb|AJ243943.1|	93.51	154	10	0	88779	88932	157	4	1e-53	230
Oe6_s02405	gi|12054837|emb|AJ243943.1|	93.51	154	10	0	88699	88852	157	4	1e-53	230
Oe6_s02405	gi|12054837|emb|AJ243943.1|	93.51	154	10	0	64343	64496	157	4	1e-53	230
Oe6_s02405	gi|12054837|emb|AJ243943.1|	93.51	154	10	0	48707	48860	157	4	1e-53	230
Oe6_s02405	gi|12054837|emb|AJ243943.1|	93.51	154	10	0	43002	43155	157	4	1e-53	230
Oe6_s02405	gi|12054837|emb|AJ243943.1|	93.51	154	10	0	28820	28973	157	4	1e-53	230
Oe6_s02405	gi|12054837|emb|AJ243943.1|	93.51	154	10	0	21076	21229	157	4	1e-53	230
Oe6_s02405	gi|12054837|emb|AJ243943.1|	93.51	154	9	1	11567	11719	157	4	4e-53	228
Oe6_s02405	gi|12054837|emb|AJ243943.1|	92.90	155	11	0	44216	44370	157	3	1e-52	226
Oe6_s02405	gi|12054837|emb|AJ243943.1|	92.90	155	11	0	37526	37680	158	4	1e-52	226
Oe6_s02405	gi|12054837|emb|AJ243943.1|	92.90	155	11	0	32657	32811	158	4	1e-52	226
Oe6_s02405	gi|12054837|emb|AJ243943.1|	92.36	157	12	0	33376	33532	157	1	5e-52	224
Oe6_s02405	gi|12054837|emb|AJ243943.1|	92.36	157	12	0	31379	31535	157	1	5e-52	224
Oe6_s02405	gi|12054837|emb|AJ243943.1|	92.41	158	11	1	29700	29857	157	1	5e-52	224
Oe6_s02405	gi|12054837|emb|AJ243943.1|	92.36	157	12	0	18756	18912	157	1	5e-52	224
Oe6_s02405	gi|12054837|emb|AJ243943.1|	92.36	157	12	0	17553	17709	157	1	5e-52	224
Oe6_s02405	gi|12054837|emb|AJ243943.1|	92.36	157	12	0	25705	25861	158	2	5e-52	224
Oe6_s02405	gi|12054837|emb|AJ243943.1|	92.86	154	11	0	88859	89012	157	4	5e-52	224
Oe6_s02405	gi|12054837|emb|AJ243943.1|	92.86	154	11	0	11407	11560	157	4	5e-52	224
Oe6_s02405	gi|12054837|emb|AJ243943.1|	91.77	158	13	0	10446	10603	158	1	7e-51	220
Oe6_s02405	gi|12054837|emb|AJ243943.1|	92.26	155	12	0	50529	50683	158	4	7e-51	220
Oe6_s02405	gi|12054837|emb|AJ243943.1|	92.26	155	12	0	47116	47270	158	4	7e-51	220
Oe6_s02405	gi|12054837|emb|AJ243943.1|	92.26	155	12	0	41257	41411	158	4	7e-51	220
Oe6_s02405	gi|12054837|emb|AJ243943.1|	92.26	155	12	0	31458	31612	158	4	7e-51	220
Oe6_s02405	gi|12054837|emb|AJ243943.1|	91.77	158	12	1	30581	30738	157	1	2e-50	219
Oe6_s02405	gi|12054837|emb|AJ243943.1|	92.26	155	11	1	30979	31132	158	4	2e-50	219
Oe6_s02405	gi|12054837|emb|AJ243943.1|	92.21	154	12	0	102865	103018	157	4	2e-50	219
Oe6_s02405	gi|12054837|emb|AJ243943.1|	92.21	154	12	0	88539	88692	157	4	2e-50	219
Oe6_s02405	gi|12054837|emb|AJ243943.1|	92.21	154	12	0	82594	82747	157	4	2e-50	219
Oe6_s02405	gi|12054837|emb|AJ243943.1|	92.21	154	12	0	57587	57740	157	4	2e-50	219
Oe6_s02405	gi|12054837|emb|AJ243943.1|	92.21	154	12	0	44136	44289	157	4	2e-50	219
Oe6_s02405	gi|12054837|emb|AJ243943.1|	92.21	154	12	0	30021	30174	157	4	2e-50	219
Oe6_s02405	gi|12054837|emb|AJ243943.1|	92.21	154	12	0	29941	30094	157	4	2e-50	219
Oe6_s02405	gi|12054837|emb|AJ243943.1|	92.21	154	12	0	26345	26498	157	4	2e-50	219
Oe6_s02405	gi|12054837|emb|AJ243943.1|	92.21	154	12	0	14837	14990	157	4	2e-50	219
Oe6_s02405	gi|12054837|emb|AJ243943.1|	92.21	154	11	1	37207	37359	157	4	9e-50	217
Oe6_s02405	gi|12054837|emb|AJ243943.1|	92.16	153	12	0	31220	31372	156	4	9e-50	217
Oe6_s02405	gi|12054837|emb|AJ243943.1|	92.16	153	12	0	30262	30414	156	4	9e-50	217
Oe6_s02405	gi|12054837|emb|AJ243943.1|	91.14	158	14	0	112465	112622	158	1	3e-49	215
Oe6_s02405	gi|12054837|emb|AJ243943.1|	91.14	158	14	0	22514	22671	158	1	3e-49	215
Oe6_s02405	gi|12054837|emb|AJ243943.1|	91.14	158	14	0	21155	21312	158	1	3e-49	215
Oe6_s02405	gi|12054837|emb|AJ243943.1|	91.61	155	13	0	97732	97886	158	4	3e-49	215
Oe6_s02405	gi|12054837|emb|AJ243943.1|	91.61	155	13	0	97494	97648	158	4	3e-49	215
Oe6_s02405	gi|12054837|emb|AJ243943.1|	92.11	152	12	0	126586	126737	158	7	3e-49	215
Oe6_s02405	gi|12054837|emb|AJ243943.1|	91.08	157	14	0	32498	32654	157	1	1e-48	213
Oe6_s02405	gi|12054837|emb|AJ243943.1|	91.08	157	14	0	20996	21152	157	1	1e-48	213
Oe6_s02405	gi|12054837|emb|AJ243943.1|	91.61	155	11	2	128254	128406	158	4	1e-48	213
Oe6_s02405	gi|12054837|emb|AJ243943.1|	91.61	155	11	2	50451	50603	158	4	1e-48	213
Oe6_s02405	gi|12054837|emb|AJ243943.1|	91.61	155	12	1	31938	32091	158	4	1e-48	213
Oe6_s02405	gi|12054837|emb|AJ243943.1|	91.56	154	13	0	121363	121516	157	4	1e-48	213
Oe6_s02405	gi|12054837|emb|AJ243943.1|	91.56	154	13	0	88145	88298	157	4	1e-48	213
Oe6_s02405	gi|12054837|emb|AJ243943.1|	91.56	154	13	0	87195	87348	157	4	1e-48	213
Oe6_s02405	gi|12054837|emb|AJ243943.1|	91.56	154	13	0	85928	86081	157	4	1e-48	213
Oe6_s02405	gi|12054837|emb|AJ243943.1|	91.56	154	13	0	82434	82587	157	4	1e-48	213
Oe6_s02405	gi|12054837|emb|AJ243943.1|	91.56	154	13	0	60837	60990	157	4	1e-48	213
Oe6_s02405	gi|12054837|emb|AJ243943.1|	91.56	154	13	0	60757	60910	157	4	1e-48	213
Oe6_s02405	gi|12054837|emb|AJ243943.1|	91.56	154	13	0	54093	54246	157	4	1e-48	213
Oe6_s02405	gi|12054837|emb|AJ243943.1|	91.56	154	13	0	31139	31292	157	4	1e-48	213
Oe6_s02405	gi|12054837|emb|AJ243943.1|	91.56	154	13	0	16353	16506	157	4	1e-48	213
Oe6_s02405	gi|12054837|emb|AJ243943.1|	91.08	157	12	2	52436	52590	157	1	4e-48	211
Oe6_s02405	gi|12054837|emb|AJ243943.1|	91.03	156	14	0	23952	24107	157	2	4e-48	211
Oe6_s02405	gi|12054837|emb|AJ243943.1|	91.03	156	14	0	19476	19631	157	2	4e-48	211
Oe6_s02405	gi|12054837|emb|AJ243943.1|	91.56	154	11	2	130621	130772	157	4	4e-48	211
Oe6_s02405	gi|12054837|emb|AJ243943.1|	91.56	154	11	2	65773	65924	157	4	4e-48	211
Oe6_s02405	gi|12054837|emb|AJ243943.1|	91.56	154	11	2	41180	41331	157	4	4e-48	211
Oe6_s02405	gi|12054837|emb|AJ243943.1|	91.56	154	12	1	22755	22907	157	4	4e-48	211
Oe6_s02405	gi|12054837|emb|AJ243943.1|	90.51	158	15	0	17632	17789	158	1	1e-47	209
Oe6_s02405	gi|12054837|emb|AJ243943.1|	91.03	156	13	1	92430	92584	158	3	1e-47	209
Oe6_s02405	gi|12054837|emb|AJ243943.1|	90.97	155	14	0	108498	108652	158	4	1e-47	209
Oe6_s02405	gi|12054837|emb|AJ243943.1|	90.97	155	14	0	108260	108414	158	4	1e-47	209
Oe6_s02405	gi|12054837|emb|AJ243943.1|	90.97	155	14	0	103499	103653	158	4	1e-47	209
Oe6_s02405	gi|12054837|emb|AJ243943.1|	90.97	155	14	0	38478	38632	158	4	1e-47	209
Oe6_s02405	gi|12054837|emb|AJ243943.1|	91.08	157	11	2	37445	37600	158	4	1e-47	209
Oe6_s02405	gi|12054837|emb|AJ243943.1|	90.97	155	14	0	28739	28893	158	4	1e-47	209
Oe6_s02405	gi|12054837|emb|AJ243943.1|	90.97	155	14	0	24111	24265	158	4	1e-47	209
Oe6_s02405	gi|12054837|emb|AJ243943.1|	90.97	155	14	0	19555	19709	158	4	1e-47	209
Oe6_s02405	gi|12054837|emb|AJ243943.1|	91.50	153	12	1	64265	64416	156	4	1e-47	209
Oe6_s02405	gi|12054837|emb|AJ243943.1|	91.45	152	13	0	119774	119925	155	4	1e-47	209
Oe6_s02405	gi|12054837|emb|AJ243943.1|	90.45	157	15	0	71251	71407	157	1	5e-47	207
Oe6_s02405	gi|12054837|emb|AJ243943.1|	90.51	158	13	2	66805	66961	157	1	5e-47	207
Oe6_s02405	gi|12054837|emb|AJ243943.1|	90.45	157	15	0	35296	35452	157	1	5e-47	207
Oe6_s02405	gi|12054837|emb|AJ243943.1|	90.45	157	15	0	33058	33214	157	1	5e-47	207
Oe6_s02405	gi|12054837|emb|AJ243943.1|	90.45	157	15	0	31859	32015	157	1	5e-47	207
Oe6_s02405	gi|12054837|emb|AJ243943.1|	90.51	158	13	2	26984	27140	157	1	5e-47	207
Oe6_s02405	gi|12054837|emb|AJ243943.1|	90.45	157	15	0	24032	24188	157	1	5e-47	207
Oe6_s02405	gi|12054837|emb|AJ243943.1|	90.45	157	15	0	23712	23868	157	1	5e-47	207
Oe6_s02405	gi|12054837|emb|AJ243943.1|	90.45	157	15	0	22435	22591	157	1	5e-47	207
Oe6_s02405	gi|12054837|emb|AJ243943.1|	90.45	157	15	0	18356	18512	157	1	5e-47	207
Oe6_s02405	gi|12054837|emb|AJ243943.1|	90.97	155	13	1	129112	129265	158	4	5e-47	207
Oe6_s02405	gi|12054837|emb|AJ243943.1|	90.97	155	13	1	124047	124200	158	4	5e-47	207
Oe6_s02405	gi|12054837|emb|AJ243943.1|	90.97	155	12	2	108182	108334	158	4	5e-47	207
Oe6_s02405	gi|12054837|emb|AJ243943.1|	90.97	155	12	2	92352	92504	158	4	5e-47	207
Oe6_s02405	gi|12054837|emb|AJ243943.1|	90.97	155	12	1	52513	52665	158	4	5e-47	207
Oe6_s02405	gi|12054837|emb|AJ243943.1|	90.91	154	14	0	102625	102778	157	4	5e-47	207
Oe6_s02405	gi|12054837|emb|AJ243943.1|	90.91	154	14	0	80447	80600	157	4	5e-47	207
Oe6_s02405	gi|12054837|emb|AJ243943.1|	90.91	154	14	0	51008	51161	157	4	5e-47	207
Oe6_s02405	gi|12054837|emb|AJ243943.1|	90.91	154	14	0	37127	37280	157	4	5e-47	207
Oe6_s02405	gi|12054837|emb|AJ243943.1|	90.91	154	14	0	29460	29613	157	4	5e-47	207
Oe6_s02405	gi|12054837|emb|AJ243943.1|	90.91	154	14	0	28660	28813	157	4	5e-47	207
Oe6_s02405	gi|12054837|emb|AJ243943.1|	90.91	154	14	0	28020	28173	157	4	5e-47	207
Oe6_s02405	gi|12054837|emb|AJ243943.1|	90.91	154	14	0	25626	25779	157	4	5e-47	207
Oe6_s02405	gi|12054837|emb|AJ243943.1|	90.91	154	14	0	21236	21389	157	4	5e-47	207
Oe6_s02405	gi|12054837|emb|AJ243943.1|	90.91	154	14	0	16833	16986	157	4	5e-47	207
Oe6_s02405	gi|12054837|emb|AJ243943.1|	91.39	151	13	0	34819	34969	154	4	5e-47	207
Oe6_s02405	gi|12054837|emb|AJ243943.1|	90.91	154	13	1	102945	103097	157	4	2e-46	206
Oe6_s02405	gi|12054837|emb|AJ243943.1|	90.91	154	13	1	85450	85602	157	4	2e-46	206
Oe6_s02405	gi|12054837|emb|AJ243943.1|	90.91	154	12	2	80050	80201	157	4	2e-46	206
Oe6_s02405	gi|12054837|emb|AJ243943.1|	90.91	154	12	2	79018	79169	157	4	2e-46	206
Oe6_s02405	gi|12054837|emb|AJ243943.1|	90.91	154	12	2	72362	72513	157	4	2e-46	206
Oe6_s02405	gi|12054837|emb|AJ243943.1|	90.85	153	14	0	31540	31692	156	4	2e-46	206
Oe6_s02405	gi|12054837|emb|AJ243943.1|	91.33	150	13	0	28500	28649	157	8	2e-46	206
Oe6_s02405	gi|12054837|emb|AJ243943.1|	91.33	150	13	0	101232	101381	158	9	2e-46	206
Oe6_s02405	gi|12054837|emb|AJ243943.1|	89.87	158	16	0	107228	107385	158	1	7e-46	204
Oe6_s02405	gi|12054837|emb|AJ243943.1|	90.38	156	13	2	120886	121040	157	3	7e-46	204
Oe6_s02405	gi|12054837|emb|AJ243943.1|	90.38	156	14	1	118501	118656	157	3	7e-46	204
Oe6_s02405	gi|12054837|emb|AJ243943.1|	90.32	155	15	0	120248	120402	158	4	7e-46	204
Oe6_s02405	gi|12054837|emb|AJ243943.1|	90.32	155	15	0	30741	30895	158	4	7e-46	204
Oe6_s02405	gi|12054837|emb|AJ243943.1|	90.32	155	15	0	30661	30815	158	4	7e-46	204
Oe6_s02405	gi|12054837|emb|AJ243943.1|	90.32	155	15	0	27461	27615	158	4	7e-46	204
Oe6_s02405	gi|12054837|emb|AJ243943.1|	90.79	152	14	0	48072	48223	155	4	7e-46	204
Oe6_s02405	gi|12054837|emb|AJ243943.1|	90.79	152	14	0	42212	42363	155	4	7e-46	204
Oe6_s02405	gi|12054837|emb|AJ243943.1|	91.28	149	13	0	123268	123416	157	9	7e-46	204
Oe6_s02405	gi|12054837|emb|AJ243943.1|	95.31	128	6	0	43162	43289	157	30	7e-46	204
Oe6_s02405	gi|12054837|emb|AJ243943.1|	89.87	158	14	2	38400	38555	158	1	2e-45	202
Oe6_s02405	gi|12054837|emb|AJ243943.1|	89.87	158	14	2	15476	15632	157	1	2e-45	202
Oe6_s02405	gi|12054837|emb|AJ243943.1|	89.81	157	16	0	12603	12759	158	2	2e-45	202
Oe6_s02405	gi|12054837|emb|AJ243943.1|	90.32	155	14	1	101154	101307	157	3	2e-45	202
Oe6_s02405	gi|12054837|emb|AJ243943.1|	90.32	155	13	2	126508	126660	158	4	2e-45	202
Oe6_s02405	gi|12054837|emb|AJ243943.1|	90.32	155	13	2	84183	84335	158	4	2e-45	202
Oe6_s02405	gi|12054837|emb|AJ243943.1|	90.32	155	13	2	47038	47190	158	4	2e-45	202
Oe6_s02405	gi|12054837|emb|AJ243943.1|	90.32	155	14	1	34336	34489	158	4	2e-45	202
Oe6_s02405	gi|12054837|emb|AJ243943.1|	90.26	154	15	0	123664	123817	157	4	2e-45	202
Oe6_s02405	gi|12054837|emb|AJ243943.1|	90.26	154	15	0	118341	118494	157	4	2e-45	202
Oe6_s02405	gi|12054837|emb|AJ243943.1|	90.26	154	15	0	106195	106348	157	4	2e-45	202
Oe6_s02405	gi|12054837|emb|AJ243943.1|	90.26	154	15	0	75846	75999	157	4	2e-45	202
Oe6_s02405	gi|12054837|emb|AJ243943.1|	90.26	154	15	0	74263	74416	157	4	2e-45	202
Oe6_s02405	gi|12054837|emb|AJ243943.1|	90.26	154	15	0	67917	68070	157	4	2e-45	202
Oe6_s02405	gi|12054837|emb|AJ243943.1|	90.26	154	15	0	44536	44689	157	4	2e-45	202
Oe6_s02405	gi|12054837|emb|AJ243943.1|	90.26	154	15	0	28900	29053	157	4	2e-45	202
Oe6_s02405	gi|12054837|emb|AJ243943.1|	90.26	154	15	0	27860	28013	157	4	2e-45	202
Oe6_s02405	gi|12054837|emb|AJ243943.1|	90.26	154	15	0	25466	25619	157	4	2e-45	202
Oe6_s02405	gi|12054837|emb|AJ243943.1|	90.26	154	15	0	19875	20028	157	4	2e-45	202
Oe6_s02405	gi|12054837|emb|AJ243943.1|	90.26	154	15	0	16993	17146	157	4	2e-45	202
Oe6_s02405	gi|12054837|emb|AJ243943.1|	90.26	154	15	0	13878	14031	157	4	2e-45	202
Oe6_s02405	gi|12054837|emb|AJ243943.1|	89.81	157	14	2	120171	120325	157	1	9e-45	200
Oe6_s02405	gi|12054837|emb|AJ243943.1|	89.81	157	14	2	115405	115559	157	1	9e-45	200
Oe6_s02405	gi|12054837|emb|AJ243943.1|	89.74	156	16	0	19796	19951	156	1	9e-45	200
Oe6_s02405	gi|12054837|emb|AJ243943.1|	89.81	157	14	2	42129	42283	160	4	9e-45	200
Oe6_s02405	gi|12054837|emb|AJ243943.1|	90.26	154	13	2	107151	107302	157	4	9e-45	200
Oe6_s02405	gi|12054837|emb|AJ243943.1|	90.26	154	14	1	88939	89091	157	4	9e-45	200
Oe6_s02405	gi|12054837|emb|AJ243943.1|	89.24	158	17	0	33535	33692	158	1	3e-44	198
Oe6_s02405	gi|12054837|emb|AJ243943.1|	89.24	158	17	0	28259	28416	158	1	3e-44	198
Oe6_s02405	gi|12054837|emb|AJ243943.1|	89.24	158	17	0	25545	25702	158	1	3e-44	198
Oe6_s02405	gi|12054837|emb|AJ243943.1|	89.24	158	17	0	21475	21632	158	1	3e-44	198
Oe6_s02405	gi|12054837|emb|AJ243943.1|	89.24	158	17	0	16592	16749	158	1	3e-44	198
Oe6_s02405	gi|12054837|emb|AJ243943.1|	89.24	158	17	0	13957	14114	158	1	3e-44	198
Oe6_s02405	gi|12054837|emb|AJ243943.1|	89.68	155	16	0	103261	103415	158	4	3e-44	198
Oe6_s02405	gi|12054837|emb|AJ243943.1|	89.68	155	16	0	91000	91154	158	4	3e-44	198
Oe6_s02405	gi|12054837|emb|AJ243943.1|	89.68	155	16	0	77825	77979	158	4	3e-44	198
Oe6_s02405	gi|12054837|emb|AJ243943.1|	89.68	155	16	0	65850	66004	158	4	3e-44	198
Oe6_s02405	gi|12054837|emb|AJ243943.1|	89.68	155	16	0	19155	19309	158	4	3e-44	198
Oe6_s02405	gi|12054837|emb|AJ243943.1|	89.68	155	16	0	18835	18989	158	4	3e-44	198
Oe6_s02405	gi|12054837|emb|AJ243943.1|	89.68	155	16	0	18435	18589	158	4	3e-44	198
Oe6_s02405	gi|12054837|emb|AJ243943.1|	89.68	155	16	0	10526	10680	158	4	3e-44	198
Oe6_s02405	gi|12054837|emb|AJ243943.1|	90.13	152	15	0	125160	125311	155	4	3e-44	198
Oe6_s02405	gi|12054837|emb|AJ243943.1|	90.60	149	14	0	32577	32725	158	10	3e-44	198
Oe6_s02405	gi|12054837|emb|AJ243943.1|	89.24	158	15	2	33137	33292	158	1	1e-43	196
Oe6_s02405	gi|12054837|emb|AJ243943.1|	89.24	158	16	1	20115	20272	157	1	1e-43	196
Oe6_s02405	gi|12054837|emb|AJ243943.1|	89.68	155	15	1	120011	120164	158	4	1e-43	196
Oe6_s02405	gi|12054837|emb|AJ243943.1|	89.68	155	14	2	83152	83304	158	4	1e-43	196
Oe6_s02405	gi|12054837|emb|AJ243943.1|	89.61	154	16	0	105401	105554	157	4	1e-43	196
Oe6_s02405	gi|12054837|emb|AJ243943.1|	89.61	154	16	0	82274	82427	157	4	1e-43	196
Oe6_s02405	gi|12054837|emb|AJ243943.1|	89.61	154	16	0	44854	45007	157	4	1e-43	196
Oe6_s02405	gi|12054837|emb|AJ243943.1|	89.61	154	16	0	24431	24584	157	4	1e-43	196
Oe6_s02405	gi|12054837|emb|AJ243943.1|	89.61	154	16	0	19316	19469	157	4	1e-43	196
Oe6_s02405	gi|12054837|emb|AJ243943.1|	89.61	154	16	0	12843	12996	157	4	1e-43	196
Oe6_s02405	gi|12054837|emb|AJ243943.1|	89.61	154	16	0	12524	12677	157	4	1e-43	196
Oe6_s02405	gi|12054837|emb|AJ243943.1|	89.61	154	16	0	11087	11240	157	4	1e-43	196
Oe6_s02405	gi|12054837|emb|AJ243943.1|	89.17	157	15	2	126429	126583	157	1	4e-43	195
Oe6_s02405	gi|12054837|emb|AJ243943.1|	89.17	157	15	2	70059	70213	157	1	4e-43	195
Oe6_s02405	gi|12054837|emb|AJ243943.1|	89.17	157	15	2	122234	122388	160	4	4e-43	195
Oe6_s02405	gi|12054837|emb|AJ243943.1|	89.17	157	15	2	42841	42995	160	4	4e-43	195
Oe6_s02405	gi|12054837|emb|AJ243943.1|	89.61	154	14	2	125080	125231	157	4	4e-43	195
Oe6_s02405	gi|12054837|emb|AJ243943.1|	89.61	154	14	2	119694	119845	157	4	4e-43	195
Oe6_s02405	gi|12054837|emb|AJ243943.1|	89.61	154	14	2	110720	110871	157	4	4e-43	195
Oe6_s02405	gi|12054837|emb|AJ243943.1|	89.61	154	14	2	108421	108572	157	4	4e-43	195
Oe6_s02405	gi|12054837|emb|AJ243943.1|	89.61	154	14	2	103422	103573	157	4	4e-43	195
Oe6_s02405	gi|12054837|emb|AJ243943.1|	89.61	154	15	1	102546	102698	157	4	4e-43	195
Oe6_s02405	gi|12054837|emb|AJ243943.1|	89.61	154	14	2	90923	91074	157	4	4e-43	195
Oe6_s02405	gi|12054837|emb|AJ243943.1|	89.61	154	15	1	80288	80440	157	4	4e-43	195
Oe6_s02405	gi|12054837|emb|AJ243943.1|	89.61	154	14	2	75768	75919	157	4	4e-43	195
Oe6_s02405	gi|12054837|emb|AJ243943.1|	89.61	154	14	1	64583	64734	157	4	4e-43	195
Oe6_s02405	gi|12054837|emb|AJ243943.1|	89.61	154	15	1	22036	22188	157	4	4e-43	195
Oe6_s02405	gi|12054837|emb|AJ243943.1|	88.61	158	18	0	110797	110954	158	1	1e-42	193
Oe6_s02405	gi|12054837|emb|AJ243943.1|	88.61	158	18	0	21795	21952	158	1	1e-42	193
Oe6_s02405	gi|12054837|emb|AJ243943.1|	88.61	158	18	0	16912	17069	158	1	1e-42	193
Oe6_s02405	gi|12054837|emb|AJ243943.1|	88.61	158	18	0	16432	16589	158	1	1e-42	193
Oe6_s02405	gi|12054837|emb|AJ243943.1|	89.10	156	16	1	109054	109208	156	1	1e-42	193
Oe6_s02405	gi|12054837|emb|AJ243943.1|	89.10	156	16	1	101394	101548	156	1	1e-42	193
Oe6_s02405	gi|12054837|emb|AJ243943.1|	89.10	156	16	1	110321	110475	158	3	1e-42	193
Oe6_s02405	gi|12054837|emb|AJ243943.1|	89.03	155	17	0	109289	109443	158	4	1e-42	193
Oe6_s02405	gi|12054837|emb|AJ243943.1|	88.54	157	18	0	6494	6650	157	1	5e-42	191
Oe6_s02405	gi|12054837|emb|AJ243943.1|	89.03	155	16	1	79810	79963	158	4	5e-42	191
Oe6_s02405	gi|12054837|emb|AJ243943.1|	89.03	155	16	1	72439	72592	158	4	5e-42	191
Oe6_s02405	gi|12054837|emb|AJ243943.1|	88.96	154	17	0	74423	74576	157	4	5e-42	191
Oe6_s02405	gi|12054837|emb|AJ243943.1|	88.96	154	17	0	72599	72752	157	4	5e-42	191
Oe6_s02405	gi|12054837|emb|AJ243943.1|	88.96	154	17	0	70377	70530	157	4	5e-42	191
Oe6_s02405	gi|12054837|emb|AJ243943.1|	88.96	154	17	0	34736	34889	157	4	5e-42	191
Oe6_s02405	gi|12054837|emb|AJ243943.1|	88.96	154	17	0	30421	30574	157	4	5e-42	191
Oe6_s02405	gi|12054837|emb|AJ243943.1|	88.96	154	17	0	20676	20829	157	4	5e-42	191
Oe6_s02405	gi|12054837|emb|AJ243943.1|	88.96	154	17	0	18033	18186	157	4	5e-42	191
Oe6_s02405	gi|12054837|emb|AJ243943.1|	88.54	157	16	2	50052	50206	160	4	2e-41	189
Oe6_s02405	gi|12054837|emb|AJ243943.1|	89.03	155	14	2	118581	118732	158	4	2e-41	189
Oe6_s02405	gi|12054837|emb|AJ243943.1|	88.96	154	16	1	110006	110158	157	4	2e-41	189
Oe6_s02405	gi|12054837|emb|AJ243943.1|	88.96	154	16	1	108973	109125	157	4	2e-41	189
Oe6_s02405	gi|12054837|emb|AJ243943.1|	88.96	154	16	1	77906	78058	157	4	2e-41	189
Oe6_s02405	gi|12054837|emb|AJ243943.1|	88.96	154	15	2	39354	39505	157	4	2e-41	189
Oe6_s02405	gi|12054837|emb|AJ243943.1|	88.96	154	16	1	19716	19868	157	4	2e-41	189
Oe6_s02405	gi|12054837|emb|AJ243943.1|	88.89	153	17	0	117152	117304	156	4	2e-41	189
Oe6_s02405	gi|12054837|emb|AJ243943.1|	87.97	158	19	0	28099	28256	158	1	7e-41	187
Oe6_s02405	gi|12054837|emb|AJ243943.1|	88.05	159	17	2	27939	28096	158	1	7e-41	187
Oe6_s02405	gi|12054837|emb|AJ243943.1|	87.97	158	19	0	20755	20912	158	1	7e-41	187
Oe6_s02405	gi|12054837|emb|AJ243943.1|	88.39	155	18	0	40860	41014	158	4	7e-41	187
Oe6_s02405	gi|12054837|emb|AJ243943.1|	88.39	155	18	0	24510	24664	158	4	7e-41	187
Oe6_s02405	gi|12054837|emb|AJ243943.1|	88.39	155	18	0	12922	13076	158	4	7e-41	187
Oe6_s02405	gi|12054837|emb|AJ243943.1|	88.89	153	16	1	89576	89727	156	4	7e-41	187
Oe6_s02405	gi|12054837|emb|AJ243943.1|	88.89	153	16	1	79892	80043	156	4	7e-41	187
Oe6_s02405	gi|12054837|emb|AJ243943.1|	88.82	152	17	0	72918	73069	157	6	7e-41	187
Oe6_s02405	gi|12054837|emb|AJ243943.1|	87.97	158	17	2	22833	22988	158	1	2e-40	185
Oe6_s02405	gi|12054837|emb|AJ243943.1|	87.97	158	17	2	11645	11800	158	1	2e-40	185
Oe6_s02405	gi|12054837|emb|AJ243943.1|	87.90	157	19	0	28420	28576	157	1	2e-40	185
Oe6_s02405	gi|12054837|emb|AJ243943.1|	87.90	157	19	0	16753	16909	157	1	2e-40	185
Oe6_s02405	gi|12054837|emb|AJ243943.1|	88.39	155	17	1	122077	122230	158	4	2e-40	185
Oe6_s02405	gi|12054837|emb|AJ243943.1|	88.39	155	17	1	117944	118097	158	4	2e-40	185
Oe6_s02405	gi|12054837|emb|AJ243943.1|	88.39	155	16	2	109211	109363	158	4	2e-40	185
Oe6_s02405	gi|12054837|emb|AJ243943.1|	88.39	155	17	1	107943	108096	158	4	2e-40	185
Oe6_s02405	gi|12054837|emb|AJ243943.1|	88.39	155	16	2	103183	103335	158	4	2e-40	185
Oe6_s02405	gi|12054837|emb|AJ243943.1|	88.39	155	17	1	100994	101147	158	4	2e-40	185
Oe6_s02405	gi|12054837|emb|AJ243943.1|	88.39	155	16	2	27063	27215	158	4	2e-40	185
Oe6_s02405	gi|12054837|emb|AJ243943.1|	88.39	155	16	2	15555	15707	158	4	2e-40	185
Oe6_s02405	gi|12054837|emb|AJ243943.1|	88.31	154	18	0	113975	114128	157	4	2e-40	185
Oe6_s02405	gi|12054837|emb|AJ243943.1|	88.31	154	18	0	66329	66482	157	4	2e-40	185
Oe6_s02405	gi|12054837|emb|AJ243943.1|	88.31	154	18	0	28340	28493	157	4	2e-40	185
Oe6_s02405	gi|12054837|emb|AJ243943.1|	88.31	154	18	0	21716	21869	157	4	2e-40	185
Oe6_s02405	gi|12054837|emb|AJ243943.1|	88.31	154	18	0	21396	21549	157	4	2e-40	185
Oe6_s02405	gi|12054837|emb|AJ243943.1|	88.31	154	18	0	14038	14191	157	4	2e-40	185
Oe6_s02405	gi|12054837|emb|AJ243943.1|	87.97	158	16	3	35375	35529	158	1	9e-40	183
Oe6_s02405	gi|12054837|emb|AJ243943.1|	87.50	160	18	1	18112	18271	158	1	9e-40	183
Oe6_s02405	gi|12054837|emb|AJ243943.1|	87.90	157	18	1	117469	117624	157	1	9e-40	183
Oe6_s02405	gi|12054837|emb|AJ243943.1|	87.90	157	17	2	92273	92427	157	1	9e-40	183
Oe6_s02405	gi|12054837|emb|AJ243943.1|	87.90	157	17	2	59252	59406	157	1	9e-40	183
Oe6_s02405	gi|12054837|emb|AJ243943.1|	87.90	157	17	2	30902	31056	157	1	9e-40	183
Oe6_s02405	gi|12054837|emb|AJ243943.1|	88.31	154	14	3	48947	49096	157	4	9e-40	183
Oe6_s02405	gi|12054837|emb|AJ243943.1|	88.31	154	16	2	47992	48143	157	4	9e-40	183
Oe6_s02405	gi|12054837|emb|AJ243943.1|	87.34	158	20	0	28579	28736	158	1	3e-39	182
Oe6_s02405	gi|12054837|emb|AJ243943.1|	87.34	158	20	0	11166	11323	158	1	3e-39	182
Oe6_s02405	gi|12054837|emb|AJ243943.1|	87.82	156	18	1	103026	103180	156	1	3e-39	182
Oe6_s02405	gi|12054837|emb|AJ243943.1|	87.74	155	19	0	39434	39588	155	1	3e-39	182
Oe6_s02405	gi|12054837|emb|AJ243943.1|	87.74	155	19	0	34257	34411	157	3	3e-39	182
Oe6_s02405	gi|12054837|emb|AJ243943.1|	87.74	155	19	0	52984	53138	158	4	3e-39	182
Oe6_s02405	gi|12054837|emb|AJ243943.1|	87.74	155	19	0	29539	29693	158	4	3e-39	182
Oe6_s02405	gi|12054837|emb|AJ243943.1|	88.24	153	17	1	77987	78138	156	4	3e-39	182
Oe6_s02405	gi|12054837|emb|AJ243943.1|	88.24	153	17	1	72204	72355	156	4	3e-39	182
Oe6_s02405	gi|12054837|emb|AJ243943.1|	88.24	153	17	1	40942	41093	156	4	3e-39	182
Oe6_s02405	gi|12054837|emb|AJ243943.1|	88.16	152	18	0	122317	122468	155	4	3e-39	182
Oe6_s02405	gi|12054837|emb|AJ243943.1|	87.26	157	20	0	106275	106431	157	1	1e-38	180
Oe6_s02405	gi|12054837|emb|AJ243943.1|	87.34	158	19	1	6012	6169	157	1	1e-38	180
Oe6_s02405	gi|12054837|emb|AJ243943.1|	87.82	156	16	3	122159	122311	156	1	1e-38	180
Oe6_s02405	gi|12054837|emb|AJ243943.1|	87.82	156	15	4	121284	121436	158	4	1e-38	180
Oe6_s02405	gi|12054837|emb|AJ243943.1|	87.74	155	18	1	111354	111507	158	4	1e-38	180
Oe6_s02405	gi|12054837|emb|AJ243943.1|	87.74	155	18	1	101312	101465	158	4	1e-38	180
Oe6_s02405	gi|12054837|emb|AJ243943.1|	87.74	155	18	1	89494	89647	158	4	1e-38	180
Oe6_s02405	gi|12054837|emb|AJ243943.1|	87.74	155	17	2	42685	42837	158	4	1e-38	180
Oe6_s02405	gi|12054837|emb|AJ243943.1|	87.66	154	19	0	50690	50843	157	4	1e-38	180
Oe6_s02405	gi|12054837|emb|AJ243943.1|	87.66	154	19	0	26824	26977	157	4	1e-38	180
Oe6_s02405	gi|12054837|emb|AJ243943.1|	87.66	154	19	0	16673	16826	157	4	1e-38	180
Oe6_s02405	gi|12054837|emb|AJ243943.1|	87.66	154	19	0	16513	16666	157	4	1e-38	180
Oe6_s02405	gi|12054837|emb|AJ243943.1|	87.66	154	19	0	15316	15469	157	4	1e-38	180
Oe6_s02405	gi|12054837|emb|AJ243943.1|	87.34	158	16	4	121205	121359	157	1	4e-38	178
Oe6_s02405	gi|12054837|emb|AJ243943.1|	87.66	154	17	1	90446	90597	157	4	4e-38	178
Oe6_s02405	gi|12054837|emb|AJ243943.1|	87.58	153	19	0	67599	67751	156	4	4e-38	178
Oe6_s02405	gi|12054837|emb|AJ243943.1|	87.18	156	18	2	110087	110240	156	1	1e-37	176
Oe6_s02405	gi|12054837|emb|AJ243943.1|	87.18	156	19	1	108025	108179	156	1	1e-37	176
Oe6_s02405	gi|12054837|emb|AJ243943.1|	87.18	156	18	2	101076	101229	156	1	1e-37	176
Oe6_s02405	gi|12054837|emb|AJ243943.1|	87.18	156	19	1	69503	69657	156	1	1e-37	176
Oe6_s02405	gi|12054837|emb|AJ243943.1|	87.66	154	15	4	52909	53058	157	4	1e-37	176
Oe6_s02405	gi|12054837|emb|AJ243943.1|	87.58	153	17	2	111436	111586	156	4	1e-37	176
Oe6_s02405	gi|12054837|emb|AJ243943.1|	87.58	153	17	2	64902	65052	156	4	1e-37	176
Oe6_s02405	gi|12054837|emb|AJ243943.1|	87.58	153	17	2	69422	69572	158	6	1e-37	176
Oe6_s02405	gi|12054837|emb|AJ243943.1|	86.62	157	21	0	3224	3380	157	1	5e-37	174
Oe6_s02405	gi|12054837|emb|AJ243943.1|	87.10	155	18	2	73236	73388	157	3	5e-37	174
Oe6_s02405	gi|12054837|emb|AJ243943.1|	87.10	155	18	2	72123	72275	158	4	5e-37	174
Oe6_s02405	gi|12054837|emb|AJ243943.1|	87.10	155	19	1	60046	60199	158	4	5e-37	174
Oe6_s02405	gi|12054837|emb|AJ243943.1|	87.01	154	20	0	57110	57263	157	4	5e-37	174
Oe6_s02405	gi|12054837|emb|AJ243943.1|	87.01	154	20	0	27700	27853	157	4	5e-37	174
Oe6_s02405	gi|12054837|emb|AJ243943.1|	87.01	154	20	0	17873	18026	157	4	5e-37	174
Oe6_s02405	gi|12054837|emb|AJ243943.1|	87.58	153	16	3	42766	42915	156	4	5e-37	174
Oe6_s02405	gi|12054837|emb|AJ243943.1|	90.77	130	12	0	61510	61639	157	28	5e-37	174
Oe6_s02405	gi|12054837|emb|AJ243943.1|	86.62	157	20	1	6092	6248	157	2	2e-36	172
Oe6_s02405	gi|12054837|emb|AJ243943.1|	87.01	154	18	1	76324	76475	157	4	2e-36	172
Oe6_s02405	gi|12054837|emb|AJ243943.1|	87.01	154	19	1	45014	45166	157	4	2e-36	172
Oe6_s02405	gi|12054837|emb|AJ243943.1|	86.45	155	21	0	19954	20108	158	4	7e-36	171
Oe6_s02405	gi|12054837|emb|AJ243943.1|	86.93	153	18	2	60128	60278	156	4	7e-36	171
Oe6_s02405	gi|12054837|emb|AJ243943.1|	86.93	153	19	1	45886	46037	156	4	7e-36	171
Oe6_s02405	gi|12054837|emb|AJ243943.1|	87.42	151	16	3	118107	118254	154	4	7e-36	171
Oe6_s02405	gi|12054837|emb|AJ243943.1|	86.93	153	18	2	41338	41488	157	5	7e-36	171
Oe6_s02405	gi|12054837|emb|AJ243943.1|	86.54	156	18	3	42054	42206	156	1	2e-35	169
Oe6_s02405	gi|12054837|emb|AJ243943.1|	87.59	145	18	0	8707	8851	145	1	2e-35	169
Oe6_s02405	gi|12054837|emb|AJ243943.1|	86.45	155	20	1	64820	64973	158	4	2e-35	169
Oe6_s02405	gi|12054837|emb|AJ243943.1|	86.45	155	20	1	64183	64336	158	4	2e-35	169
Oe6_s02405	gi|12054837|emb|AJ243943.1|	86.45	155	20	1	41972	42125	158	4	2e-35	169
Oe6_s02405	gi|12054837|emb|AJ243943.1|	86.45	155	20	1	26424	26577	158	4	2e-35	169
Oe6_s02405	gi|12054837|emb|AJ243943.1|	86.45	155	20	1	14916	15069	158	4	2e-35	169
Oe6_s02405	gi|12054837|emb|AJ243943.1|	86.36	154	21	0	53855	54008	157	4	2e-35	169
Oe6_s02405	gi|12054837|emb|AJ243943.1|	86.36	154	21	0	53145	53298	157	4	2e-35	169
Oe6_s02405	gi|12054837|emb|AJ243943.1|	86.36	154	21	0	34576	34729	157	4	2e-35	169
Oe6_s02405	gi|12054837|emb|AJ243943.1|	86.36	154	21	0	28180	28333	157	4	2e-35	169
Oe6_s02405	gi|12054837|emb|AJ243943.1|	85.99	157	21	1	6333	6489	157	2	9e-35	167
Oe6_s02405	gi|12054837|emb|AJ243943.1|	86.45	155	18	3	74025	74176	158	4	9e-35	167
Oe6_s02405	gi|12054837|emb|AJ243943.1|	86.36	154	19	2	117231	117382	157	4	9e-35	167
Oe6_s02405	gi|12054837|emb|AJ243943.1|	92.98	114	8	0	129073	129186	117	4	9e-35	167
Oe6_s02405	gi|12054837|emb|AJ243943.1|	92.98	114	8	0	124008	124121	117	4	9e-35	167
Oe6_s02405	gi|12054837|emb|AJ243943.1|	85.99	157	19	3	10210	10363	157	1	3e-34	165
Oe6_s02405	gi|12054837|emb|AJ243943.1|	85.90	156	21	1	128097	128251	156	1	3e-34	165
Oe6_s02405	gi|12054837|emb|AJ243943.1|	85.44	158	21	2	5216	5371	158	1	1e-33	163
Oe6_s02405	gi|12054837|emb|AJ243943.1|	85.81	155	21	1	119534	119687	158	4	1e-33	163
Oe6_s02405	gi|12054837|emb|AJ243943.1|	85.81	155	21	1	67518	67671	158	4	1e-33	163
Oe6_s02405	gi|12054837|emb|AJ243943.1|	85.81	155	21	1	45804	45957	158	4	1e-33	163
Oe6_s02405	gi|12054837|emb|AJ243943.1|	85.71	154	22	0	16193	16346	157	4	1e-33	163
Oe6_s02405	gi|12054837|emb|AJ243943.1|	91.60	119	8	2	101551	101667	158	40	1e-33	163
Oe6_s02405	gi|12054837|emb|AJ243943.1|	86.90	145	18	1	4350	4493	145	1	4e-33	161
Oe6_s02405	gi|12054837|emb|AJ243943.1|	85.71	154	21	1	6654	6806	157	4	4e-33	161
Oe6_s02405	gi|12054837|emb|AJ243943.1|	85.26	156	20	3	119616	119768	156	1	5e-32	158
Oe6_s02405	gi|12054837|emb|AJ243943.1|	85.26	156	19	4	118026	118177	156	1	5e-32	158
Oe6_s02405	gi|12054837|emb|AJ243943.1|	86.62	142	18	1	8867	9007	145	4	2e-31	156
Oe6_s02405	gi|12054837|emb|AJ243943.1|	84.08	157	25	0	3304	3460	157	1	2e-30	152
Oe6_s02405	gi|12054837|emb|AJ243943.1|	84.62	156	21	3	120093	120245	156	1	2e-30	152
Oe6_s02405	gi|12054837|emb|AJ243943.1|	94.85	97	5	0	130698	130794	158	62	2e-30	152
Oe6_s02405	gi|12054837|emb|AJ243943.1|	83.87	155	24	1	128015	128168	158	4	1e-28	147
Oe6_s02405	gi|12054837|emb|AJ243943.1|	90.11	91	9	0	61095	61185	94	4	2e-20	119
Oe6_s02405	gi|12054837|emb|AJ243943.1|	91.89	74	5	1	102546	102618	77	4	3e-15	102
Oe6_s02405	gi|12054837|emb|AJ243943.1|	97.92	48	1	0	43242	43289	157	110	9e-10	84.2
Oe6_s02405	gi|12054837|emb|AJ243943.1|	100.00	39	0	0	101629	101667	158	120	2e-06	73.1
Oe6_s02405	gi|2664193|emb|AJ002765.1|	95.12	82	2	2	60774	60854	81	1	4e-23	128
Oe6_s02405	gi|2664193|emb|AJ002765.1|	95.06	81	2	2	78637	78716	81	2	1e-22	126
Oe6_s02405	gi|2664193|emb|AJ002765.1|	93.90	82	3	2	88556	88636	81	1	2e-21	122
Oe6_s02405	gi|2664193|emb|AJ002765.1|	93.90	82	3	2	48884	48964	81	1	2e-21	122
Oe6_s02405	gi|2664193|emb|AJ002765.1|	93.90	82	3	2	43019	43099	81	1	2e-21	122
Oe6_s02405	gi|2664193|emb|AJ002765.1|	94.87	78	3	1	123765	123841	78	1	7e-21	121
Oe6_s02405	gi|2664193|emb|AJ002765.1|	94.87	78	3	1	64524	64600	78	1	7e-21	121
Oe6_s02405	gi|2664193|emb|AJ002765.1|	94.87	78	3	1	64444	64520	78	1	7e-21	121
Oe6_s02405	gi|2664193|emb|AJ002765.1|	94.87	78	3	1	48728	48804	78	1	7e-21	121
Oe6_s02405	gi|2664193|emb|AJ002765.1|	94.87	78	3	1	43183	43259	78	1	7e-21	121
Oe6_s02405	gi|2664193|emb|AJ002765.1|	94.87	78	3	1	43103	43179	78	1	7e-21	121
Oe6_s02405	gi|2664193|emb|AJ002765.1|	94.87	78	3	1	37228	37304	78	1	7e-21	121
Oe6_s02405	gi|2664193|emb|AJ002765.1|	94.87	78	3	1	30122	30198	78	1	7e-21	121
Oe6_s02405	gi|2664193|emb|AJ002765.1|	94.87	78	3	1	29962	30038	78	1	7e-21	121
Oe6_s02405	gi|2664193|emb|AJ002765.1|	93.83	81	3	2	129528	129607	81	2	7e-21	121
Oe6_s02405	gi|2664193|emb|AJ002765.1|	93.83	81	3	2	129448	129527	81	2	7e-21	121
Oe6_s02405	gi|2664193|emb|AJ002765.1|	93.83	81	3	2	129368	129447	81	2	7e-21	121
Oe6_s02405	gi|2664193|emb|AJ002765.1|	93.83	81	3	2	128430	128509	81	2	7e-21	121
Oe6_s02405	gi|2664193|emb|AJ002765.1|	93.83	81	3	2	124779	124858	81	2	7e-21	121
Oe6_s02405	gi|2664193|emb|AJ002765.1|	93.83	81	3	2	118836	118915	81	2	7e-21	121
Oe6_s02405	gi|2664193|emb|AJ002765.1|	93.83	81	3	2	116531	116610	81	2	7e-21	121
Oe6_s02405	gi|2664193|emb|AJ002765.1|	93.83	81	3	2	116133	116212	81	2	7e-21	121
Oe6_s02405	gi|2664193|emb|AJ002765.1|	93.83	81	3	2	105816	105895	81	2	7e-21	121
Oe6_s02405	gi|2664193|emb|AJ002765.1|	93.83	81	3	2	102241	102320	81	2	7e-21	121
Oe6_s02405	gi|2664193|emb|AJ002765.1|	93.83	81	3	2	89671	89750	81	2	7e-21	121
Oe6_s02405	gi|2664193|emb|AJ002765.1|	93.83	81	3	2	81021	81100	81	2	7e-21	121
Oe6_s02405	gi|2664193|emb|AJ002765.1|	93.83	81	3	2	71981	72060	81	2	7e-21	121
Oe6_s02405	gi|2664193|emb|AJ002765.1|	93.83	81	3	2	68328	68407	81	2	7e-21	121
Oe6_s02405	gi|2664193|emb|AJ002765.1|	93.83	81	3	2	62080	62159	81	2	7e-21	121
Oe6_s02405	gi|2664193|emb|AJ002765.1|	93.83	81	3	2	56649	56728	81	2	7e-21	121
Oe6_s02405	gi|2664193|emb|AJ002765.1|	93.83	81	3	2	56093	56172	81	2	7e-21	121
Oe6_s02405	gi|2664193|emb|AJ002765.1|	93.83	81	3	2	54428	54507	81	2	7e-21	121
Oe6_s02405	gi|2664193|emb|AJ002765.1|	93.83	81	3	2	47690	47769	81	2	7e-21	121
Oe6_s02405	gi|2664193|emb|AJ002765.1|	93.83	81	3	2	39052	39131	81	2	7e-21	121
Oe6_s02405	gi|2664193|emb|AJ002765.1|	93.83	81	3	2	36350	36429	81	2	7e-21	121
Oe6_s02405	gi|2664193|emb|AJ002765.1|	94.81	77	3	1	88800	88875	78	2	2e-20	119
Oe6_s02405	gi|2664193|emb|AJ002765.1|	94.81	77	3	1	88640	88715	78	2	2e-20	119
Oe6_s02405	gi|2664193|emb|AJ002765.1|	94.81	77	3	1	48968	49043	78	2	2e-20	119
Oe6_s02405	gi|2664193|emb|AJ002765.1|	94.81	77	3	1	48808	48883	78	2	2e-20	119
Oe6_s02405	gi|2664193|emb|AJ002765.1|	94.81	77	3	1	44237	44312	78	2	2e-20	119
Oe6_s02405	gi|2664193|emb|AJ002765.1|	94.81	77	3	1	23973	24048	78	2	2e-20	119
Oe6_s02405	gi|2664193|emb|AJ002765.1|	92.68	82	4	2	88876	88956	81	1	9e-20	117
Oe6_s02405	gi|2664193|emb|AJ002765.1|	92.68	82	4	2	88716	88796	81	1	9e-20	117
Oe6_s02405	gi|2664193|emb|AJ002765.1|	92.68	82	4	2	64360	64440	81	1	9e-20	117
Oe6_s02405	gi|2664193|emb|AJ002765.1|	92.68	82	4	2	21013	21093	81	1	9e-20	117
Oe6_s02405	gi|2664193|emb|AJ002765.1|	94.74	76	3	1	56972	57046	77	2	9e-20	117
Oe6_s02405	gi|2664193|emb|AJ002765.1|	94.74	76	3	1	56416	56490	77	2	9e-20	117
Oe6_s02405	gi|2664193|emb|AJ002765.1|	94.74	76	3	1	14220	14294	77	2	9e-20	117
Oe6_s02405	gi|2664193|emb|AJ002765.1|	92.59	81	4	2	23890	23969	80	1	3e-19	115
Oe6_s02405	gi|2664193|emb|AJ002765.1|	93.59	78	4	1	102886	102962	78	1	3e-19	115
Oe6_s02405	gi|2664193|emb|AJ002765.1|	93.59	78	4	1	33397	33473	78	1	3e-19	115
Oe6_s02405	gi|2664193|emb|AJ002765.1|	93.59	78	4	1	28841	28917	78	1	3e-19	115
Oe6_s02405	gi|2664193|emb|AJ002765.1|	93.59	78	4	1	19257	19333	78	1	3e-19	115
Oe6_s02405	gi|2664193|emb|AJ002765.1|	93.59	78	4	1	11508	11584	78	1	3e-19	115
Oe6_s02405	gi|2664193|emb|AJ002765.1|	92.59	81	4	2	127637	127716	81	2	3e-19	115
Oe6_s02405	gi|2664193|emb|AJ002765.1|	92.59	81	4	2	119869	119948	81	2	3e-19	115
Oe6_s02405	gi|2664193|emb|AJ002765.1|	92.59	81	4	2	114390	114469	81	2	3e-19	115
Oe6_s02405	gi|2664193|emb|AJ002765.1|	92.59	81	4	2	106769	106848	81	2	3e-19	115
Oe6_s02405	gi|2664193|emb|AJ002765.1|	92.59	81	4	2	104310	104389	81	2	3e-19	115
Oe6_s02405	gi|2664193|emb|AJ002765.1|	92.59	81	4	2	102161	102240	81	2	3e-19	115
Oe6_s02405	gi|2664193|emb|AJ002765.1|	92.59	81	4	2	98779	98858	81	2	3e-19	115
Oe6_s02405	gi|2664193|emb|AJ002765.1|	92.59	81	4	2	90383	90462	81	2	3e-19	115
Oe6_s02405	gi|2664193|emb|AJ002765.1|	92.59	81	4	2	85229	85308	81	2	3e-19	115
Oe6_s02405	gi|2664193|emb|AJ002765.1|	92.59	81	4	2	77131	77210	81	2	3e-19	115
Oe6_s02405	gi|2664193|emb|AJ002765.1|	92.59	81	4	2	69757	69836	81	2	3e-19	115
Oe6_s02405	gi|2664193|emb|AJ002765.1|	92.59	81	4	2	67059	67138	81	2	3e-19	115
Oe6_s02405	gi|2664193|emb|AJ002765.1|	92.59	81	4	2	65392	65471	81	2	3e-19	115
Oe6_s02405	gi|2664193|emb|AJ002765.1|	92.59	81	4	2	51503	51582	81	2	3e-19	115
Oe6_s02405	gi|2664193|emb|AJ002765.1|	92.59	81	4	2	50627	50706	81	2	3e-19	115
Oe6_s02405	gi|2664193|emb|AJ002765.1|	92.59	81	4	2	44473	44552	81	2	3e-19	115
Oe6_s02405	gi|2664193|emb|AJ002765.1|	92.59	81	4	2	42543	42622	81	2	3e-19	115
Oe6_s02405	gi|2664193|emb|AJ002765.1|	92.59	81	4	2	41830	41909	81	2	3e-19	115
Oe6_s02405	gi|2664193|emb|AJ002765.1|	92.59	81	4	2	32755	32834	81	2	3e-19	115
Oe6_s02405	gi|2664193|emb|AJ002765.1|	93.51	77	4	1	117173	117248	77	1	1e-18	113
Oe6_s02405	gi|2664193|emb|AJ002765.1|	92.59	81	3	2	129210	129288	81	2	1e-18	113
Oe6_s02405	gi|2664193|emb|AJ002765.1|	92.59	81	3	2	124145	124223	81	2	1e-18	113
Oe6_s02405	gi|2664193|emb|AJ002765.1|	92.59	81	3	2	105578	105656	81	2	1e-18	113
Oe6_s02405	gi|2664193|emb|AJ002765.1|	92.59	81	3	2	94114	94192	81	2	1e-18	113
Oe6_s02405	gi|2664193|emb|AJ002765.1|	92.59	81	3	2	74600	74678	81	2	1e-18	113
Oe6_s02405	gi|2664193|emb|AJ002765.1|	92.59	81	3	2	70793	70871	81	2	1e-18	113
Oe6_s02405	gi|2664193|emb|AJ002765.1|	92.59	81	3	3	68646	68724	81	2	1e-18	113
Oe6_s02405	gi|2664193|emb|AJ002765.1|	92.59	81	3	3	59507	59585	81	2	1e-18	113
Oe6_s02405	gi|2664193|emb|AJ002765.1|	92.59	81	3	2	57764	57842	81	2	1e-18	113
Oe6_s02405	gi|2664193|emb|AJ002765.1|	93.51	77	4	1	119316	119391	78	2	1e-18	113
Oe6_s02405	gi|2664193|emb|AJ002765.1|	93.51	77	4	1	95385	95460	78	2	1e-18	113
Oe6_s02405	gi|2664193|emb|AJ002765.1|	93.51	77	4	1	88960	89035	78	2	1e-18	113
Oe6_s02405	gi|2664193|emb|AJ002765.1|	93.51	77	4	1	83252	83327	78	2	1e-18	113
Oe6_s02405	gi|2664193|emb|AJ002765.1|	93.51	77	4	1	54194	54269	78	2	1e-18	113
Oe6_s02405	gi|2664193|emb|AJ002765.1|	93.51	77	4	1	51109	51184	78	2	1e-18	113
Oe6_s02405	gi|2664193|emb|AJ002765.1|	93.51	77	4	1	50154	50229	78	2	1e-18	113
Oe6_s02405	gi|2664193|emb|AJ002765.1|	93.51	77	4	1	36592	36667	78	2	1e-18	113
Oe6_s02405	gi|2664193|emb|AJ002765.1|	93.51	77	4	1	25727	25802	78	2	1e-18	113
Oe6_s02405	gi|2664193|emb|AJ002765.1|	93.51	77	4	1	19417	19492	78	2	1e-18	113
Oe6_s02405	gi|2664193|emb|AJ002765.1|	91.46	82	5	2	87606	87686	81	1	4e-18	111
Oe6_s02405	gi|2664193|emb|AJ002765.1|	91.57	83	3	4	20853	20933	81	1	4e-18	111
Oe6_s02405	gi|2664193|emb|AJ002765.1|	93.42	76	4	1	115900	115974	77	2	4e-18	111
Oe6_s02405	gi|2664193|emb|AJ002765.1|	93.42	76	4	1	89357	89431	77	2	4e-18	111
Oe6_s02405	gi|2664193|emb|AJ002765.1|	93.42	76	4	1	79436	79510	77	2	4e-18	111
Oe6_s02405	gi|2664193|emb|AJ002765.1|	93.42	76	4	1	59749	59823	77	2	4e-18	111
Oe6_s02405	gi|2664193|emb|AJ002765.1|	92.41	79	4	2	48328	48405	80	3	4e-18	111
Oe6_s02405	gi|2664193|emb|AJ002765.1|	93.42	76	4	1	82136	82210	78	3	4e-18	111
Oe6_s02405	gi|2664193|emb|AJ002765.1|	93.42	76	4	1	80548	80622	78	3	4e-18	111
Oe6_s02405	gi|2664193|emb|AJ002765.1|	93.42	76	4	1	76583	76657	78	3	4e-18	111
Oe6_s02405	gi|2664193|emb|AJ002765.1|	93.42	76	4	1	57688	57762	78	3	4e-18	111
Oe6_s02405	gi|2664193|emb|AJ002765.1|	93.42	76	4	1	45114	45188	78	3	4e-18	111
Oe6_s02405	gi|2664193|emb|AJ002765.1|	92.31	78	5	1	102966	103042	78	1	2e-17	110
Oe6_s02405	gi|2664193|emb|AJ002765.1|	92.31	78	5	1	102806	102882	78	1	2e-17	110
Oe6_s02405	gi|2664193|emb|AJ002765.1|	92.31	78	5	1	102726	102802	78	1	2e-17	110
Oe6_s02405	gi|2664193|emb|AJ002765.1|	92.31	78	5	1	97436	97512	78	1	2e-17	110
Oe6_s02405	gi|2664193|emb|AJ002765.1|	92.31	78	5	1	77927	78003	78	1	2e-17	110
Oe6_s02405	gi|2664193|emb|AJ002765.1|	92.31	78	5	1	41279	41355	78	1	2e-17	110
Oe6_s02405	gi|2664193|emb|AJ002765.1|	92.31	78	5	1	31560	31636	78	1	2e-17	110
Oe6_s02405	gi|2664193|emb|AJ002765.1|	92.31	78	5	1	31240	31316	78	1	2e-17	110
Oe6_s02405	gi|2664193|emb|AJ002765.1|	92.31	78	5	1	30282	30358	78	1	2e-17	110
Oe6_s02405	gi|2664193|emb|AJ002765.1|	94.44	72	3	1	102652	102722	72	1	2e-17	110
Oe6_s02405	gi|2664193|emb|AJ002765.1|	94.44	72	3	1	44163	44233	72	1	2e-17	110
Oe6_s02405	gi|2664193|emb|AJ002765.1|	91.36	81	5	2	119392	119471	81	2	2e-17	110
Oe6_s02405	gi|2664193|emb|AJ002765.1|	91.36	81	5	2	113752	113831	81	2	2e-17	110
Oe6_s02405	gi|2664193|emb|AJ002765.1|	91.36	81	5	2	111768	111847	81	2	2e-17	110
Oe6_s02405	gi|2664193|emb|AJ002765.1|	91.36	81	5	2	105181	105260	81	2	2e-17	110
Oe6_s02405	gi|2664193|emb|AJ002765.1|	91.36	81	5	2	102321	102400	81	2	2e-17	110
Oe6_s02405	gi|2664193|emb|AJ002765.1|	91.36	81	5	2	101489	101568	81	2	2e-17	110
Oe6_s02405	gi|2664193|emb|AJ002765.1|	91.36	81	5	2	100451	100530	81	2	2e-17	110
Oe6_s02405	gi|2664193|emb|AJ002765.1|	91.36	81	5	2	94906	94985	81	2	2e-17	110
Oe6_s02405	gi|2664193|emb|AJ002765.1|	91.36	81	5	2	82852	82931	81	2	2e-17	110
Oe6_s02405	gi|2664193|emb|AJ002765.1|	91.36	81	5	2	76895	76974	81	2	2e-17	110
Oe6_s02405	gi|2664193|emb|AJ002765.1|	91.36	81	5	2	60536	60615	81	2	2e-17	110
Oe6_s02405	gi|2664193|emb|AJ002765.1|	91.36	81	5	2	58950	59029	81	2	2e-17	110
Oe6_s02405	gi|2664193|emb|AJ002765.1|	91.36	81	5	2	45662	45741	81	2	2e-17	110
Oe6_s02405	gi|2664193|emb|AJ002765.1|	91.36	81	5	2	45425	45504	81	2	2e-17	110
Oe6_s02405	gi|2664193|emb|AJ002765.1|	91.36	81	5	2	34913	34992	81	2	2e-17	110
Oe6_s02405	gi|2664193|emb|AJ002765.1|	92.31	78	4	2	91419	91495	79	3	2e-17	110
Oe6_s02405	gi|2664193|emb|AJ002765.1|	91.36	81	4	3	111531	111609	81	2	5e-17	108
Oe6_s02405	gi|2664193|emb|AJ002765.1|	91.25	80	5	2	109788	109865	81	2	5e-17	108
Oe6_s02405	gi|2664193|emb|AJ002765.1|	91.36	81	4	3	108596	108674	81	2	5e-17	108
Oe6_s02405	gi|2664193|emb|AJ002765.1|	91.36	81	4	3	97830	97908	81	2	5e-17	108
Oe6_s02405	gi|2664193|emb|AJ002765.1|	91.46	82	2	4	93399	93477	81	2	5e-17	108
Oe6_s02405	gi|2664193|emb|AJ002765.1|	91.25	80	6	1	85547	85625	81	2	5e-17	108
Oe6_s02405	gi|2664193|emb|AJ002765.1|	91.36	81	4	3	82212	82290	81	2	5e-17	108
Oe6_s02405	gi|2664193|emb|AJ002765.1|	91.36	81	4	2	80624	80702	81	2	5e-17	108
Oe6_s02405	gi|2664193|emb|AJ002765.1|	91.36	81	4	3	67139	67217	81	2	5e-17	108
Oe6_s02405	gi|2664193|emb|AJ002765.1|	91.36	81	4	3	62160	62238	81	2	5e-17	108
Oe6_s02405	gi|2664193|emb|AJ002765.1|	91.36	81	4	2	46219	46297	81	2	5e-17	108
Oe6_s02405	gi|2664193|emb|AJ002765.1|	92.21	77	5	1	127009	127084	78	2	5e-17	108
Oe6_s02405	gi|2664193|emb|AJ002765.1|	92.21	77	4	2	106536	106610	78	2	5e-17	108
Oe6_s02405	gi|2664193|emb|AJ002765.1|	92.21	77	5	1	103521	103596	78	2	5e-17	108
Oe6_s02405	gi|2664193|emb|AJ002765.1|	92.21	77	5	1	97754	97829	78	2	5e-17	108
Oe6_s02405	gi|2664193|emb|AJ002765.1|	92.21	77	5	1	82695	82770	78	2	5e-17	108
Oe6_s02405	gi|2664193|emb|AJ002765.1|	92.21	77	5	1	80149	80224	78	2	5e-17	108
Oe6_s02405	gi|2664193|emb|AJ002765.1|	92.21	77	4	2	79912	79986	78	2	5e-17	108
Oe6_s02405	gi|2664193|emb|AJ002765.1|	92.21	77	5	1	79117	79192	78	2	5e-17	108
Oe6_s02405	gi|2664193|emb|AJ002765.1|	92.21	77	5	1	73493	73568	78	2	5e-17	108
Oe6_s02405	gi|2664193|emb|AJ002765.1|	92.21	77	4	2	65635	65709	78	2	5e-17	108
Oe6_s02405	gi|2664193|emb|AJ002765.1|	92.21	77	4	2	64285	64359	78	2	5e-17	108
Oe6_s02405	gi|2664193|emb|AJ002765.1|	92.21	77	5	1	63434	63509	78	2	5e-17	108
Oe6_s02405	gi|2664193|emb|AJ002765.1|	92.21	77	5	1	59908	59983	78	2	5e-17	108
Oe6_s02405	gi|2664193|emb|AJ002765.1|	92.21	77	5	1	50551	50626	78	2	5e-17	108
Oe6_s02405	gi|2664193|emb|AJ002765.1|	92.21	77	4	2	49917	49991	78	2	5e-17	108
Oe6_s02405	gi|2664193|emb|AJ002765.1|	92.21	77	5	1	42943	43018	78	2	5e-17	108
Oe6_s02405	gi|2664193|emb|AJ002765.1|	92.21	77	5	1	38023	38098	78	2	5e-17	108
Oe6_s02405	gi|2664193|emb|AJ002765.1|	92.21	77	5	1	37786	37861	78	2	5e-17	108
Oe6_s02405	gi|2664193|emb|AJ002765.1|	92.21	77	5	1	37548	37623	78	2	5e-17	108
Oe6_s02405	gi|2664193|emb|AJ002765.1|	92.21	77	5	1	27563	27638	78	2	5e-17	108
Oe6_s02405	gi|2664193|emb|AJ002765.1|	92.21	77	5	1	12465	12540	78	2	5e-17	108
Oe6_s02405	gi|2664193|emb|AJ002765.1|	93.24	74	4	1	20380	20452	75	2	5e-17	108
Oe6_s02405	gi|2664193|emb|AJ002765.1|	91.25	80	5	2	21253	21331	81	3	5e-17	108
Oe6_s02405	gi|2664193|emb|AJ002765.1|	90.24	82	6	2	11424	11504	81	1	2e-16	106
Oe6_s02405	gi|2664193|emb|AJ002765.1|	91.25	80	4	3	115660	115736	81	2	2e-16	106
Oe6_s02405	gi|2664193|emb|AJ002765.1|	92.11	76	5	1	77453	77527	77	2	2e-16	106
Oe6_s02405	gi|2664193|emb|AJ002765.1|	92.11	76	5	1	68889	68963	77	2	2e-16	106
Oe6_s02405	gi|2664193|emb|AJ002765.1|	92.11	76	4	2	67382	67455	77	2	2e-16	106
Oe6_s02405	gi|2664193|emb|AJ002765.1|	92.21	77	3	3	58242	58316	77	2	2e-16	106
Oe6_s02405	gi|2664193|emb|AJ002765.1|	92.11	76	5	1	51826	51900	77	2	2e-16	106
Oe6_s02405	gi|2664193|emb|AJ002765.1|	92.11	76	5	1	130720	130794	78	3	2e-16	106
Oe6_s02405	gi|2664193|emb|AJ002765.1|	92.11	76	5	1	128354	128428	78	3	2e-16	106
Oe6_s02405	gi|2664193|emb|AJ002765.1|	92.11	76	5	1	122736	122810	78	3	2e-16	106
Oe6_s02405	gi|2664193|emb|AJ002765.1|	92.11	76	5	1	120510	120584	78	3	2e-16	106
Oe6_s02405	gi|2664193|emb|AJ002765.1|	92.11	76	4	2	111456	111529	78	3	2e-16	106
Oe6_s02405	gi|2664193|emb|AJ002765.1|	92.11	76	5	1	74524	74598	78	3	2e-16	106
Oe6_s02405	gi|2664193|emb|AJ002765.1|	92.11	76	5	1	68018	68092	78	3	2e-16	106
Oe6_s02405	gi|2664193|emb|AJ002765.1|	92.11	76	5	1	46143	46217	78	3	2e-16	106
Oe6_s02405	gi|2664193|emb|AJ002765.1|	92.11	76	5	1	39693	39767	78	3	2e-16	106
Oe6_s02405	gi|2664193|emb|AJ002765.1|	91.03	78	6	1	37148	37224	78	1	7e-16	104
Oe6_s02405	gi|2664193|emb|AJ002765.1|	91.25	80	2	4	31960	32036	78	1	7e-16	104
Oe6_s02405	gi|2664193|emb|AJ002765.1|	91.03	78	6	1	30202	30278	78	1	7e-16	104
Oe6_s02405	gi|2664193|emb|AJ002765.1|	91.03	78	6	1	21097	21173	78	1	7e-16	104
Oe6_s02405	gi|2664193|emb|AJ002765.1|	91.03	78	6	1	17894	17970	78	1	7e-16	104
Oe6_s02405	gi|2664193|emb|AJ002765.1|	92.00	75	5	1	120036	120109	75	1	7e-16	104
Oe6_s02405	gi|2664193|emb|AJ002765.1|	90.12	81	6	2	128666	128745	81	2	7e-16	104
Oe6_s02405	gi|2664193|emb|AJ002765.1|	90.12	81	6	2	128192	128271	81	2	7e-16	104
Oe6_s02405	gi|2664193|emb|AJ002765.1|	90.12	81	6	2	126446	126525	81	2	7e-16	104
Oe6_s02405	gi|2664193|emb|AJ002765.1|	90.12	81	6	2	118756	118835	81	2	7e-16	104
Oe6_s02405	gi|2664193|emb|AJ002765.1|	90.12	81	6	2	115422	115501	81	2	7e-16	104
Oe6_s02405	gi|2664193|emb|AJ002765.1|	90.12	81	6	2	112006	112085	81	2	7e-16	104
Oe6_s02405	gi|2664193|emb|AJ002765.1|	90.12	81	6	2	109149	109228	81	2	7e-16	104
Oe6_s02405	gi|2664193|emb|AJ002765.1|	90.12	81	6	2	101846	101925	81	2	7e-16	104
Oe6_s02405	gi|2664193|emb|AJ002765.1|	90.12	81	6	2	99974	100053	81	2	7e-16	104
Oe6_s02405	gi|2664193|emb|AJ002765.1|	90.12	81	6	2	91971	92050	81	2	7e-16	104
Oe6_s02405	gi|2664193|emb|AJ002765.1|	90.12	81	6	2	86340	86419	81	2	7e-16	104
Oe6_s02405	gi|2664193|emb|AJ002765.1|	90.12	81	6	2	50389	50468	81	2	7e-16	104
Oe6_s02405	gi|2664193|emb|AJ002765.1|	90.12	81	6	2	40087	40166	81	2	7e-16	104
Oe6_s02405	gi|2664193|emb|AJ002765.1|	90.12	81	6	2	37383	37462	81	2	7e-16	104
Oe6_s02405	gi|2664193|emb|AJ002765.1|	90.12	81	5	2	122812	122890	81	2	3e-15	102
Oe6_s02405	gi|2664193|emb|AJ002765.1|	90.12	81	5	2	91497	91575	81	2	3e-15	102
Oe6_s02405	gi|2664193|emb|AJ002765.1|	90.12	81	5	3	77684	77762	81	2	3e-15	102
Oe6_s02405	gi|2664193|emb|AJ002765.1|	90.00	80	6	2	77211	77288	81	2	3e-15	102
Oe6_s02405	gi|2664193|emb|AJ002765.1|	90.12	81	5	2	76659	76737	81	2	3e-15	102
Oe6_s02405	gi|2664193|emb|AJ002765.1|	90.12	81	5	2	62636	62714	81	2	3e-15	102
Oe6_s02405	gi|2664193|emb|AJ002765.1|	90.12	81	5	3	61844	61922	81	2	3e-15	102
Oe6_s02405	gi|2664193|emb|AJ002765.1|	90.12	81	5	3	55221	55299	81	2	3e-15	102
Oe6_s02405	gi|2664193|emb|AJ002765.1|	90.00	80	7	1	52689	52767	81	2	3e-15	102
Oe6_s02405	gi|2664193|emb|AJ002765.1|	90.12	81	5	2	39769	39847	81	2	3e-15	102
Oe6_s02405	gi|2664193|emb|AJ002765.1|	90.91	77	6	1	128989	129064	78	2	3e-15	102
Oe6_s02405	gi|2664193|emb|AJ002765.1|	90.91	77	5	2	125895	125969	78	2	3e-15	102
Oe6_s02405	gi|2664193|emb|AJ002765.1|	90.91	77	6	1	123924	123999	78	2	3e-15	102
Oe6_s02405	gi|2664193|emb|AJ002765.1|	90.91	77	6	1	118202	118277	78	2	3e-15	102
Oe6_s02405	gi|2664193|emb|AJ002765.1|	90.91	77	6	1	114790	114865	78	2	3e-15	102
Oe6_s02405	gi|2664193|emb|AJ002765.1|	90.91	77	6	1	107409	107484	78	2	3e-15	102
Oe6_s02405	gi|2664193|emb|AJ002765.1|	90.91	77	6	1	100217	100292	78	2	3e-15	102
Oe6_s02405	gi|2664193|emb|AJ002765.1|	90.91	77	5	2	99101	99175	78	2	3e-15	102
Oe6_s02405	gi|2664193|emb|AJ002765.1|	90.91	77	6	1	97596	97671	78	2	3e-15	102
Oe6_s02405	gi|2664193|emb|AJ002765.1|	90.91	77	5	2	95783	95857	78	2	3e-15	102
Oe6_s02405	gi|2664193|emb|AJ002765.1|	90.91	77	5	2	90785	90859	78	2	3e-15	102
Oe6_s02405	gi|2664193|emb|AJ002765.1|	90.91	77	6	1	90307	90382	78	2	3e-15	102
Oe6_s02405	gi|2664193|emb|AJ002765.1|	90.91	77	6	1	88246	88321	78	2	3e-15	102
Oe6_s02405	gi|2664193|emb|AJ002765.1|	90.91	77	6	1	87296	87371	78	2	3e-15	102
Oe6_s02405	gi|2664193|emb|AJ002765.1|	90.91	77	6	1	84283	84358	78	2	3e-15	102
Oe6_s02405	gi|2664193|emb|AJ002765.1|	90.91	77	6	1	82535	82610	78	2	3e-15	102
Oe6_s02405	gi|2664193|emb|AJ002765.1|	91.03	78	3	4	80389	80463	78	2	3e-15	102
Oe6_s02405	gi|2664193|emb|AJ002765.1|	90.91	77	6	1	75867	75942	78	2	3e-15	102
Oe6_s02405	gi|2664193|emb|AJ002765.1|	90.91	77	6	1	74364	74439	78	2	3e-15	102
Oe6_s02405	gi|2664193|emb|AJ002765.1|	91.03	78	3	3	72541	72615	78	2	3e-15	102
Oe6_s02405	gi|2664193|emb|AJ002765.1|	90.91	77	6	1	70318	70393	78	2	3e-15	102
Oe6_s02405	gi|2664193|emb|AJ002765.1|	90.91	77	6	1	67858	67933	78	2	3e-15	102
Oe6_s02405	gi|2664193|emb|AJ002765.1|	90.91	77	6	1	63592	63667	78	2	3e-15	102
Oe6_s02405	gi|2664193|emb|AJ002765.1|	90.91	77	6	1	59431	59506	78	2	3e-15	102
Oe6_s02405	gi|2664193|emb|AJ002765.1|	90.91	77	5	2	57211	57285	78	2	3e-15	102
Oe6_s02405	gi|2664193|emb|AJ002765.1|	90.91	77	5	2	53956	54030	78	2	3e-15	102
Oe6_s02405	gi|2664193|emb|AJ002765.1|	90.91	77	5	2	53246	53320	78	2	3e-15	102
Oe6_s02405	gi|2664193|emb|AJ002765.1|	90.91	77	6	1	47138	47213	78	2	3e-15	102
Oe6_s02405	gi|2664193|emb|AJ002765.1|	90.91	77	6	1	46661	46736	78	2	3e-15	102
Oe6_s02405	gi|2664193|emb|AJ002765.1|	90.91	77	6	1	45985	46060	78	2	3e-15	102
Oe6_s02405	gi|2664193|emb|AJ002765.1|	90.91	77	5	2	44637	44711	78	2	3e-15	102
Oe6_s02405	gi|2664193|emb|AJ002765.1|	90.91	77	6	1	36829	36904	78	2	3e-15	102
Oe6_s02405	gi|2664193|emb|AJ002765.1|	90.91	77	6	1	34837	34912	78	2	3e-15	102
Oe6_s02405	gi|2664193|emb|AJ002765.1|	90.91	77	6	1	32279	32354	78	2	3e-15	102
Oe6_s02405	gi|2664193|emb|AJ002765.1|	90.91	77	6	1	28921	28996	78	2	3e-15	102
Oe6_s02405	gi|2664193|emb|AJ002765.1|	90.91	77	6	1	27801	27876	78	2	3e-15	102
Oe6_s02405	gi|2664193|emb|AJ002765.1|	90.91	77	6	1	23653	23728	78	2	3e-15	102
Oe6_s02405	gi|2664193|emb|AJ002765.1|	91.89	74	5	1	81188	81260	75	2	3e-15	102
Oe6_s02405	gi|2664193|emb|AJ002765.1|	91.03	78	4	3	124303	124378	81	5	3e-15	102
Oe6_s02405	gi|2664193|emb|AJ002765.1|	89.02	82	7	2	28037	28117	81	1	9e-15	100
Oe6_s02405	gi|2664193|emb|AJ002765.1|	89.02	82	7	2	27877	27957	81	1	9e-15	100
Oe6_s02405	gi|2664193|emb|AJ002765.1|	89.02	82	7	2	25803	25883	81	1	9e-15	100
Oe6_s02405	gi|2664193|emb|AJ002765.1|	89.02	82	7	2	17330	17410	81	1	9e-15	100
Oe6_s02405	gi|2664193|emb|AJ002765.1|	89.02	82	7	2	16370	16450	81	1	9e-15	100
Oe6_s02405	gi|2664193|emb|AJ002765.1|	89.02	82	7	2	14295	14375	81	1	9e-15	100
Oe6_s02405	gi|2664193|emb|AJ002765.1|	89.29	84	3	5	11104	11184	81	1	9e-15	100
Oe6_s02405	gi|2664193|emb|AJ002765.1|	89.87	79	6	2	105976	106052	80	2	9e-15	100
Oe6_s02405	gi|2664193|emb|AJ002765.1|	90.79	76	6	1	125579	125653	78	3	9e-15	100
Oe6_s02405	gi|2664193|emb|AJ002765.1|	90.79	76	6	1	106456	106530	78	3	9e-15	100
Oe6_s02405	gi|2664193|emb|AJ002765.1|	90.79	76	6	1	98467	98541	78	3	9e-15	100
Oe6_s02405	gi|2664193|emb|AJ002765.1|	90.79	76	6	1	44955	45029	78	3	9e-15	100
Oe6_s02405	gi|2664193|emb|AJ002765.1|	90.79	76	6	1	22855	22929	78	3	9e-15	100
Oe6_s02405	gi|2664193|emb|AJ002765.1|	90.79	76	6	1	11667	11741	78	3	9e-15	100
Oe6_s02405	gi|2664193|emb|AJ002765.1|	89.74	78	7	1	64604	64680	78	1	3e-14	99.0
Oe6_s02405	gi|2664193|emb|AJ002765.1|	89.74	78	7	1	33717	33793	78	1	3e-14	99.0
Oe6_s02405	gi|2664193|emb|AJ002765.1|	89.74	78	7	1	31480	31556	78	1	3e-14	99.0
Oe6_s02405	gi|2664193|emb|AJ002765.1|	89.74	78	7	1	30042	30118	78	1	3e-14	99.0
Oe6_s02405	gi|2664193|emb|AJ002765.1|	89.74	78	7	1	28761	28837	78	1	3e-14	99.0
Oe6_s02405	gi|2664193|emb|AJ002765.1|	89.74	78	7	1	28521	28597	78	1	3e-14	99.0
Oe6_s02405	gi|2664193|emb|AJ002765.1|	89.74	78	7	1	25487	25563	78	1	3e-14	99.0
Oe6_s02405	gi|2664193|emb|AJ002765.1|	89.74	78	7	1	16854	16930	78	1	3e-14	99.0
Oe6_s02405	gi|2664193|emb|AJ002765.1|	89.74	78	7	1	13899	13975	78	1	3e-14	99.0
Oe6_s02405	gi|2664193|emb|AJ002765.1|	90.67	75	6	1	122102	122175	75	1	3e-14	99.0
Oe6_s02405	gi|2664193|emb|AJ002765.1|	90.67	75	6	1	119559	119632	75	1	3e-14	99.0
Oe6_s02405	gi|2664193|emb|AJ002765.1|	90.67	75	6	1	117969	118042	75	1	3e-14	99.0
Oe6_s02405	gi|2664193|emb|AJ002765.1|	90.67	75	6	1	77850	77923	75	1	3e-14	99.0
Oe6_s02405	gi|2664193|emb|AJ002765.1|	90.67	75	6	1	47857	47930	75	1	3e-14	99.0
Oe6_s02405	gi|2664193|emb|AJ002765.1|	90.67	75	6	1	41997	42070	75	1	3e-14	99.0
Oe6_s02405	gi|2664193|emb|AJ002765.1|	88.89	81	7	2	126684	126763	81	2	3e-14	99.0
Oe6_s02405	gi|2664193|emb|AJ002765.1|	88.89	81	7	2	108358	108437	81	2	3e-14	99.0
Oe6_s02405	gi|2664193|emb|AJ002765.1|	88.89	81	7	2	99495	99574	81	2	3e-14	99.0
Oe6_s02405	gi|2664193|emb|AJ002765.1|	88.89	81	7	2	61014	61093	81	2	3e-14	99.0
Oe6_s02405	gi|2664193|emb|AJ002765.1|	88.89	81	7	2	55457	55536	81	2	3e-14	99.0
Oe6_s02405	gi|2664193|emb|AJ002765.1|	88.89	81	7	2	48167	48246	81	2	3e-14	99.0
Oe6_s02405	gi|2664193|emb|AJ002765.1|	88.89	81	7	2	46976	47055	81	2	3e-14	99.0
Oe6_s02405	gi|2664193|emb|AJ002765.1|	88.89	81	7	2	29637	29716	81	2	3e-14	99.0
Oe6_s02405	gi|2664193|emb|AJ002765.1|	89.02	82	5	4	28997	29076	81	2	3e-14	99.0
Oe6_s02405	gi|2664193|emb|AJ002765.1|	89.87	79	4	4	16055	16131	78	2	3e-14	99.0
Oe6_s02405	gi|2664193|emb|AJ002765.1|	89.74	78	6	2	62559	62634	80	3	3e-14	99.0
Oe6_s02405	gi|2664193|emb|AJ002765.1|	88.75	80	8	1	31078	31156	80	1	1e-13	97.1
Oe6_s02405	gi|2664193|emb|AJ002765.1|	89.61	77	6	2	26208	26282	77	1	1e-13	97.1
Oe6_s02405	gi|2664193|emb|AJ002765.1|	89.61	77	6	2	14700	14774	77	1	1e-13	97.1
Oe6_s02405	gi|2664193|emb|AJ002765.1|	88.89	81	6	2	125655	125733	81	2	1e-13	97.1
Oe6_s02405	gi|2664193|emb|AJ002765.1|	88.89	81	6	3	117327	117405	81	2	1e-13	97.1
Oe6_s02405	gi|2664193|emb|AJ002765.1|	88.89	81	6	3	104865	104943	81	2	1e-13	97.1
Oe6_s02405	gi|2664193|emb|AJ002765.1|	88.89	81	6	3	104548	104626	81	2	1e-13	97.1
Oe6_s02405	gi|2664193|emb|AJ002765.1|	88.89	81	6	3	81497	81575	81	2	1e-13	97.1
Oe6_s02405	gi|2664193|emb|AJ002765.1|	88.75	80	8	1	71506	71584	81	2	1e-13	97.1
Oe6_s02405	gi|2664193|emb|AJ002765.1|	88.89	81	6	2	58474	58552	81	2	1e-13	97.1
Oe6_s02405	gi|2664193|emb|AJ002765.1|	88.75	80	8	1	49993	50071	81	2	1e-13	97.1
Oe6_s02405	gi|2664193|emb|AJ002765.1|	88.75	80	8	1	49675	49753	81	2	1e-13	97.1
Oe6_s02405	gi|2664193|emb|AJ002765.1|	88.75	80	7	2	125416	125494	80	2	1e-13	97.1
Oe6_s02405	gi|2664193|emb|AJ002765.1|	88.75	80	7	2	115581	115659	80	2	1e-13	97.1
Oe6_s02405	gi|2664193|emb|AJ002765.1|	88.75	80	7	2	25244	25322	80	2	1e-13	97.1
Oe6_s02405	gi|2664193|emb|AJ002765.1|	88.75	80	7	2	13656	13734	80	2	1e-13	97.1
Oe6_s02405	gi|2664193|emb|AJ002765.1|	89.61	77	7	1	121384	121459	78	2	1e-13	97.1
Oe6_s02405	gi|2664193|emb|AJ002765.1|	89.61	77	7	1	119793	119868	78	2	1e-13	97.1
Oe6_s02405	gi|2664193|emb|AJ002765.1|	89.61	77	7	1	112646	112721	78	2	1e-13	97.1
Oe6_s02405	gi|2664193|emb|AJ002765.1|	89.61	77	7	1	100615	100690	78	2	1e-13	97.1
Oe6_s02405	gi|2664193|emb|AJ002765.1|	89.61	77	7	1	99659	99734	78	2	1e-13	97.1
Oe6_s02405	gi|2664193|emb|AJ002765.1|	89.61	77	7	1	91022	91097	78	2	1e-13	97.1
Oe6_s02405	gi|2664193|emb|AJ002765.1|	89.61	77	6	2	72224	72298	78	2	1e-13	97.1
Oe6_s02405	gi|2664193|emb|AJ002765.1|	89.61	77	6	1	66590	66664	78	2	1e-13	97.1
Oe6_s02405	gi|2664193|emb|AJ002765.1|	89.87	79	3	5	66430	66505	78	2	1e-13	97.1
Oe6_s02405	gi|2664193|emb|AJ002765.1|	89.74	78	5	3	61611	61686	78	2	1e-13	97.1
Oe6_s02405	gi|2664193|emb|AJ002765.1|	89.61	77	6	2	61133	61207	78	2	1e-13	97.1
Oe6_s02405	gi|2664193|emb|AJ002765.1|	89.61	77	7	1	53716	53791	78	2	1e-13	97.1
Oe6_s02405	gi|2664193|emb|AJ002765.1|	89.61	77	6	2	50791	50865	78	2	1e-13	97.1
Oe6_s02405	gi|2664193|emb|AJ002765.1|	89.61	77	7	1	48091	48166	78	2	1e-13	97.1
Oe6_s02405	gi|2664193|emb|AJ002765.1|	89.61	77	6	2	34438	34512	78	2	1e-13	97.1
Oe6_s02405	gi|2664193|emb|AJ002765.1|	89.61	77	7	1	32679	32754	78	2	1e-13	97.1
Oe6_s02405	gi|2664193|emb|AJ002765.1|	89.61	77	7	1	19816	19891	78	2	1e-13	97.1
Oe6_s02405	gi|2664193|emb|AJ002765.1|	90.54	74	6	1	92138	92210	75	2	1e-13	97.1
Oe6_s02405	gi|2664193|emb|AJ002765.1|	90.54	74	6	1	65083	65155	75	2	1e-13	97.1
Oe6_s02405	gi|2664193|emb|AJ002765.1|	90.54	74	6	1	63278	63350	75	2	1e-13	97.1
Oe6_s02405	gi|2664193|emb|AJ002765.1|	90.54	74	6	1	59117	59189	75	2	1e-13	97.1
Oe6_s02405	gi|2664193|emb|AJ002765.1|	89.61	77	6	2	118680	118754	79	3	1e-13	97.1
Oe6_s02405	gi|2664193|emb|AJ002765.1|	89.74	78	5	3	121460	121535	81	5	1e-13	97.1
Oe6_s02405	gi|2664193|emb|AJ002765.1|	90.54	74	6	1	110978	111050	78	5	1e-13	97.1
Oe6_s02405	gi|2664193|emb|AJ002765.1|	90.79	76	1	5	41359	41430	78	5	1e-13	97.1
Oe6_s02405	gi|2664193|emb|AJ002765.1|	89.47	76	7	1	124546	124620	77	2	4e-13	95.3
Oe6_s02405	gi|2664193|emb|AJ002765.1|	89.47	76	7	1	47457	47531	77	2	4e-13	95.3
Oe6_s02405	gi|2664193|emb|AJ002765.1|	89.47	76	7	1	38819	38893	77	2	4e-13	95.3
Oe6_s02405	gi|2664193|emb|AJ002765.1|	92.54	67	4	1	54995	55060	68	2	4e-13	95.3
Oe6_s02405	gi|2664193|emb|AJ002765.1|	89.47	76	7	1	99419	99493	78	3	4e-13	95.3
Oe6_s02405	gi|2664193|emb|AJ002765.1|	89.47	76	7	1	86029	86103	78	3	4e-13	95.3
Oe6_s02405	gi|2664193|emb|AJ002765.1|	88.46	78	8	1	71352	71428	78	1	2e-12	93.5
Oe6_s02405	gi|2664193|emb|AJ002765.1|	88.46	78	8	1	52535	52611	78	1	2e-12	93.5
Oe6_s02405	gi|2664193|emb|AJ002765.1|	88.46	78	8	1	51905	51981	78	1	2e-12	93.5
Oe6_s02405	gi|2664193|emb|AJ002765.1|	89.33	75	7	1	45829	45902	75	1	2e-12	93.5
Oe6_s02405	gi|2664193|emb|AJ002765.1|	89.33	75	7	1	39219	39292	75	1	2e-12	93.5
Oe6_s02405	gi|2664193|emb|AJ002765.1|	87.65	81	8	2	130558	130637	81	2	2e-12	93.5
Oe6_s02405	gi|2664193|emb|AJ002765.1|	87.65	81	8	2	103121	103200	81	2	2e-12	93.5
Oe6_s02405	gi|2664193|emb|AJ002765.1|	87.65	81	8	2	65948	66027	81	2	2e-12	93.5
Oe6_s02405	gi|2664193|emb|AJ002765.1|	87.65	81	8	2	41117	41196	81	2	2e-12	93.5
Oe6_s02405	gi|2664193|emb|AJ002765.1|	87.65	81	8	2	20052	20131	81	2	2e-12	93.5
Oe6_s02405	gi|2664193|emb|AJ002765.1|	88.46	78	7	2	36430	36506	81	5	2e-12	93.5
Oe6_s02405	gi|2664193|emb|AJ002765.1|	91.30	69	5	1	34677	34744	78	10	2e-12	93.5
Oe6_s02405	gi|2664193|emb|AJ002765.1|	87.50	80	8	2	75627	75704	81	2	5e-12	91.6
Oe6_s02405	gi|2664193|emb|AJ002765.1|	87.50	80	9	1	52059	52137	81	2	5e-12	91.6
Oe6_s02405	gi|2664193|emb|AJ002765.1|	88.31	77	7	2	115029	115103	78	2	5e-12	91.6
Oe6_s02405	gi|2664193|emb|AJ002765.1|	88.31	77	8	1	109311	109386	78	2	5e-12	91.6
Oe6_s02405	gi|2664193|emb|AJ002765.1|	88.31	77	8	1	62482	62557	78	2	5e-12	91.6
Oe6_s02405	gi|2664193|emb|AJ002765.1|	88.31	77	8	1	30522	30597	78	2	5e-12	91.6
Oe6_s02405	gi|2664193|emb|AJ002765.1|	88.31	77	8	1	26925	27000	78	2	5e-12	91.6
Oe6_s02405	gi|2664193|emb|AJ002765.1|	88.31	77	8	1	21177	21252	78	2	5e-12	91.6
Oe6_s02405	gi|2664193|emb|AJ002765.1|	88.31	77	8	1	15417	15492	78	2	5e-12	91.6
Oe6_s02405	gi|2664193|emb|AJ002765.1|	89.19	74	7	1	71672	71744	75	2	5e-12	91.6
Oe6_s02405	gi|2664193|emb|AJ002765.1|	89.19	74	7	1	69924	69996	75	2	5e-12	91.6
Oe6_s02405	gi|2664193|emb|AJ002765.1|	89.19	74	6	2	69288	69359	75	2	5e-12	91.6
Oe6_s02405	gi|2664193|emb|AJ002765.1|	86.59	82	9	2	8553	8633	81	1	2e-11	89.8
Oe6_s02405	gi|2664193|emb|AJ002765.1|	87.50	80	7	3	52296	52372	81	2	2e-11	89.8
Oe6_s02405	gi|2664193|emb|AJ002765.1|	88.16	76	8	1	114076	114150	78	3	2e-11	89.8
Oe6_s02405	gi|2664193|emb|AJ002765.1|	86.75	83	5	5	127873	127952	81	2	7e-11	87.9
Oe6_s02405	gi|2664193|emb|AJ002765.1|	86.42	81	9	2	99255	99334	81	2	7e-11	87.9
Oe6_s02405	gi|2664193|emb|AJ002765.1|	86.42	81	9	2	25323	25402	81	2	7e-11	87.9
Oe6_s02405	gi|2664193|emb|AJ002765.1|	86.42	81	9	2	13735	13814	81	2	7e-11	87.9
Oe6_s02405	gi|2664193|emb|AJ002765.1|	86.42	81	9	2	10147	10226	81	2	7e-11	87.9
Oe6_s02405	gi|2664193|emb|AJ002765.1|	87.18	78	8	2	47214	47290	81	5	7e-11	87.9
Oe6_s02405	gi|2664193|emb|AJ002765.1|	87.01	77	9	1	72700	72775	78	2	3e-10	86.1
Oe6_s02405	gi|2664193|emb|AJ002765.1|	87.84	74	8	1	55148	55220	75	2	3e-10	86.1
Oe6_s02405	gi|2664193|emb|AJ002765.1|	87.84	74	7	2	53482	53553	75	2	3e-10	86.1
Oe6_s02405	gi|2664193|emb|AJ002765.1|	87.01	77	8	2	38577	38652	80	5	3e-10	86.1
Oe6_s02405	gi|2664193|emb|AJ002765.1|	89.71	68	6	1	60620	60686	78	11	3e-10	86.1
Oe6_s02405	gi|2664193|emb|AJ002765.1|	89.71	68	6	1	55939	56005	78	11	3e-10	86.1
Oe6_s02405	gi|2664193|emb|AJ002765.1|	86.08	79	10	1	95542	95619	80	2	9e-10	84.2
Oe6_s02405	gi|2664193|emb|AJ002765.1|	86.08	79	9	2	119232	119309	81	4	9e-10	84.2
Oe6_s02405	gi|2664193|emb|AJ002765.1|	85.90	78	10	1	118603	118679	78	1	3e-09	82.4
Oe6_s02405	gi|2664193|emb|AJ002765.1|	85.90	78	10	1	54828	54904	78	1	3e-09	82.4
Oe6_s02405	gi|2664193|emb|AJ002765.1|	86.08	79	8	3	83409	83484	80	2	3e-09	82.4
Oe6_s02405	gi|2664193|emb|AJ002765.1|	86.67	75	8	2	112567	112639	78	4	3e-09	82.4
Oe6_s02405	gi|2664193|emb|AJ002765.1|	87.50	72	7	2	56491	56561	81	11	3e-09	82.4
Oe6_s02405	gi|2664193|emb|AJ002765.1|	85.71	77	10	1	27961	28036	78	2	1e-08	80.5
Oe6_s02405	gi|2664193|emb|AJ002765.1|	88.89	63	6	1	7688	7749	75	13	2e-07	76.8
Oe6_s02405	gi|2664193|emb|AJ002765.1|	87.50	64	3	4	5797	5857	75	14	3e-05	69.4
Oe6_s02405	gi|12054838|emb|AJ243944.1|	89.61	77	8	0	3383	3459	77	1	3e-14	99.0
Oe6_s02405	gi|12054838|emb|AJ243944.1|	89.33	75	8	0	70456	70530	77	3	4e-13	95.3
Oe6_s02405	gi|12054838|emb|AJ243944.1|	87.84	74	9	0	99478	99551	76	3	7e-11	87.9
Oe6_s02405	gi|12054838|emb|AJ243944.1|	92.16	51	4	0	9119	9169	51	1	2e-06	73.1
