Oe6_s03283	gi|1213415586|gb|CP022111.1|	76.14	2477	542	40	1	2451	536254	538707	0.0	1254
Oe6_s03283	gi|1109598146|emb|LT670817.1|	74.30	1183	246	52	1310	2463	7119213	7120366	6e-121	448
Oe6_s03283	gi|1109598146|emb|LT670817.1|	74.42	770	165	23	149	902	3159340	3158587	5e-77	302
Oe6_s03283	gi|315599110|gb|CP002418.1|	73.95	1167	264	35	1308	2454	2022051	2020905	4e-117	435
Oe6_s03283	gi|315599110|gb|CP002418.1|	74.60	311	67	11	2145	2449	3090374	3090070	3e-24	126
Oe6_s03283	gi|39650317|emb|BX572604.1|	73.80	1187	257	49	1310	2469	92600	93759	1e-112	420
Oe6_s03283	gi|1092232049|gb|CP017748.1|	72.87	1198	289	32	1294	2473	1445042	1446221	2e-100	379
Oe6_s03283	gi|1092246069|gb|CP017754.1|	74.39	937	212	26	1551	2473	1365600	1364678	3e-99	375
Oe6_s03283	gi|1092239519|gb|CP017751.1|	74.39	937	212	26	1551	2473	1505908	1504986	3e-99	375
Oe6_s03283	gi|1109625661|emb|LT670844.1|	73.47	1127	243	51	1365	2463	564847	565945	9e-99	374
Oe6_s03283	gi|1109625661|emb|LT670844.1|	71.83	458	105	21	2004	2449	99758	99313	3e-19	110
Oe6_s03283	gi|991866325|gb|CP014060.1|	72.83	1185	278	40	1304	2466	2227429	2226267	6e-96	364
Oe6_s03283	gi|91798527|gb|CP000319.1|	73.01	1178	260	54	1307	2455	1714992	1713844	7e-95	361
Oe6_s03283	gi|91798527|gb|CP000319.1|	77.88	217	37	10	2153	2364	2288354	2288144	1e-23	124
Oe6_s03283	gi|1073951170|gb|CP017433.1|	72.57	1185	287	37	1304	2469	1362922	1364087	1e-92	353
Oe6_s03283	gi|974005670|gb|CP013923.1|	72.59	1182	286	37	1304	2466	1973009	1974171	1e-92	353
Oe6_s03283	gi|874219584|gb|CP012046.1|	72.57	1185	287	37	1304	2469	1957017	1958182	1e-92	353
Oe6_s03283	gi|1158824265|gb|CP018845.1|	72.61	1190	280	41	1300	2466	885265	884099	2e-91	350
Oe6_s03283	gi|991880038|gb|CP014065.1|	72.49	1185	288	37	1304	2469	3210638	3211803	6e-91	348
Oe6_s03283	gi|1004063705|gb|CP013232.1|	74.51	871	182	36	1616	2466	1678625	1677775	3e-89	342
Oe6_s03283	gi|1004063705|gb|CP013232.1|	73.67	509	112	19	1951	2448	1613916	1613419	8e-40	178
Oe6_s03283	gi|340550464|gb|CP002745.1|	73.69	935	208	33	1551	2466	1457189	1456274	2e-85	329
Oe6_s03283	gi|1040755036|gb|CP016170.1|	74.61	823	169	37	1604	2406	4833970	4834772	3e-84	326
Oe6_s03283	gi|93352797|gb|CP000352.1|	79.40	466	90	5	424	886	649016	648554	1e-83	324
Oe6_s03283	gi|93352797|gb|CP000352.1|	73.34	904	213	27	1580	2469	647851	646962	3e-79	309
Oe6_s03283	gi|1085827595|emb|LT629750.1|	77.90	525	98	17	1951	2466	1909435	1909950	8e-80	311
Oe6_s03283	gi|1027791556|emb|LN901633.1|	78.67	483	87	10	428	902	1187635	1188109	1e-78	307
Oe6_s03283	gi|1027791556|emb|LN901633.1|	74.67	383	81	15	2002	2376	7202131	7201757	4e-33	156
Oe6_s03283	gi|1027791556|emb|LN901633.1|	74.15	383	83	15	2002	2376	2663499	2663873	8e-30	145
Oe6_s03283	gi|1040760067|gb|CP016171.1|	74.02	820	179	30	1604	2406	4916759	4917561	1e-77	303
Oe6_s03283	gi|337757426|emb|FQ859181.1|	77.41	487	102	8	401	883	3952440	3951958	2e-71	283
Oe6_s03283	gi|948534026|gb|CP013111.1|	72.82	883	206	30	1604	2469	5380768	5381633	1e-67	270
Oe6_s03283	gi|917675518|gb|CP011409.1|	72.77	896	208	33	1592	2469	1292835	1291958	1e-67	270
Oe6_s03283	gi|917675518|gb|CP011409.1|	76.13	398	79	14	2066	2455	4588516	4588905	8e-45	195
Oe6_s03283	gi|736032532|gb|CP010313.1|	77.08	480	100	8	428	902	6029350	6029824	5e-67	268
Oe6_s03283	gi|736032532|gb|CP010313.1|	73.82	382	86	13	2003	2377	5442035	5441661	4e-28	139
Oe6_s03283	gi|354952622|dbj|AP012206.1|	77.08	480	100	8	428	902	5997641	5998115	5e-67	268
Oe6_s03283	gi|354952622|dbj|AP012206.1|	73.82	382	86	13	2003	2377	5411739	5411365	4e-28	139
Oe6_s03283	gi|852454696|gb|CP011930.1|	72.76	881	204	31	1604	2466	2821522	2822384	6e-66	265
Oe6_s03283	gi|300072131|gb|CP002039.1|	72.76	881	204	31	1604	2466	2821906	2822768	6e-66	265
Oe6_s03283	gi|1040745451|gb|CP016079.1|	77.40	447	89	8	2009	2449	722394	722834	4e-63	255
Oe6_s03283	gi|74419069|gb|CP000115.1|	77.23	470	85	21	1951	2409	1395206	1394748	4e-63	255
Oe6_s03283	gi|1062756882|gb|CP013136.1|	75.50	551	118	13	1925	2466	2799715	2800257	1e-62	254
Oe6_s03283	gi|627779227|gb|CP007569.1|	76.25	480	104	8	428	902	3092691	3093165	2e-60	246
Oe6_s03283	gi|627779227|gb|CP007569.1|	73.81	378	85	13	2003	2373	2510807	2510437	1e-27	137
Oe6_s03283	gi|1110842695|gb|CP013481.2|	74.46	650	126	29	1820	2449	1342408	1343037	8e-60	244
Oe6_s03283	gi|1002734548|gb|CP007440.1|	77.18	425	87	9	2030	2449	1046237	1046656	4e-58	239
Oe6_s03283	gi|1002734548|gb|CP007440.1|	75.67	485	98	20	2011	2485	1049338	1049812	1e-53	224
Oe6_s03283	gi|1002734548|gb|CP007440.1|	83.82	68	8	3	1828	1894	5811763	5811698	8e-05	62.1
Oe6_s03283	gi|927304885|gb|CP010516.1|	76.60	453	94	12	2003	2449	2563022	2563468	4e-58	239
Oe6_s03283	gi|927304885|gb|CP010516.1|	75.97	466	80	26	2002	2451	2566361	2566810	8e-50	211
Oe6_s03283	gi|657121522|gb|CP006581.1|	76.73	447	92	8	2009	2449	5640680	5640240	4e-58	239
Oe6_s03283	gi|657121522|gb|CP006581.1|	74.24	295	61	14	2042	2330	3013079	3012794	3e-19	110
Oe6_s03283	gi|971149481|gb|CP013737.1|	72.26	876	201	34	1553	2407	2480517	2479663	2e-56	233
Oe6_s03283	gi|192282182|gb|CP001096.1|	76.00	450	102	6	2003	2449	3099404	3099850	8e-55	228
Oe6_s03283	gi|192282182|gb|CP001096.1|	74.27	517	123	10	1952	2463	1611176	1610665	3e-49	209
Oe6_s03283	gi|1190204763|gb|CP021108.1|	73.77	648	138	26	1820	2451	5147470	5148101	3e-54	226
Oe6_s03283	gi|827413822|gb|CP011501.1|	75.58	516	90	26	1952	2449	4629677	4629180	4e-53	222
Oe6_s03283	gi|822481815|gb|CP011279.1|	75.58	516	90	26	1952	2449	721809	721312	4e-53	222
Oe6_s03283	gi|807145194|gb|CP010518.3|	75.58	516	90	26	1952	2449	721810	721313	4e-53	222
Oe6_s03283	gi|456351576|dbj|AP012603.1|	76.53	426	88	11	2030	2449	4486100	4485681	4e-53	222
Oe6_s03283	gi|996010968|gb|CP014280.1|	76.33	431	89	11	2039	2463	1924725	1924302	5e-52	219
Oe6_s03283	gi|941978146|gb|CP012999.1|	76.33	431	89	10	2039	2463	3159998	3160421	5e-52	219
Oe6_s03283	gi|1085651108|emb|LT629693.1|	76.18	424	93	8	2030	2449	8002746	8002327	2e-51	217
Oe6_s03283	gi|1085651108|emb|LT629693.1|	73.91	460	112	7	2011	2466	5282058	5281603	8e-40	178
Oe6_s03283	gi|1085651108|emb|LT629693.1|	75.21	234	52	6	1993	2223	7999643	7999413	4e-18	106
Oe6_s03283	gi|1061698530|gb|CP013430.1|	74.44	532	118	16	1951	2473	2384628	2385150	2e-50	213
Oe6_s03283	gi|1061698530|gb|CP013430.1|	73.93	514	102	24	1951	2448	2381319	2381816	8e-40	178
Oe6_s03283	gi|182632885|gb|CP001016.1|	75.66	452	96	14	2030	2474	1352178	1351734	2e-50	213
Oe6_s03283	gi|1109632991|emb|LT670845.1|	75.94	424	94	8	2030	2449	6421929	6422348	8e-50	211
Oe6_s03283	gi|1109632991|emb|LT670845.1|	73.91	460	112	7	2011	2466	954766	955221	8e-40	178
Oe6_s03283	gi|1109632991|emb|LT670845.1|	76.34	224	47	6	2003	2223	6425042	6425262	6e-21	115
Oe6_s03283	gi|1062061433|gb|CP017087.1|	75.87	431	91	10	2039	2463	1392860	1393283	1e-48	207
Oe6_s03283	gi|189332915|dbj|AP009385.1|	74.34	534	115	19	1951	2473	1208073	1207551	1e-48	207
Oe6_s03283	gi|189332915|dbj|AP009385.1|	73.84	516	99	26	1951	2448	1211382	1210885	4e-38	172
Oe6_s03283	gi|160340609|gb|CP000868.1|	74.34	534	115	19	1951	2473	2316700	2317222	1e-48	207
Oe6_s03283	gi|160340609|gb|CP000868.1|	73.84	516	99	26	1951	2448	2313391	2313888	4e-38	172
Oe6_s03283	gi|1069775008|gb|CP017076.1|	76.36	385	87	4	449	831	1247591	1247209	1e-47	204
Oe6_s03283	gi|1061776595|gb|CP013467.1|	74.10	529	119	16	1951	2470	1222298	1221779	5e-47	202
Oe6_s03283	gi|1061776595|gb|CP013467.1|	73.50	517	99	28	1951	2448	1225607	1225110	8e-35	161
Oe6_s03283	gi|1061761471|gb|CP013459.1|	74.21	535	114	19	1951	2473	1311776	1311254	5e-47	202
Oe6_s03283	gi|1061666838|gb|CP013420.1|	74.30	537	110	21	1951	2473	1382321	1382843	5e-47	202
Oe6_s03283	gi|1061666838|gb|CP013420.1|	73.14	510	109	21	1954	2449	1379015	1379510	1e-33	158
Oe6_s03283	gi|772924293|gb|CP009488.1|	74.30	537	110	21	1951	2473	598621	599143	5e-47	202
Oe6_s03283	gi|772924293|gb|CP009488.1|	73.14	510	109	21	1954	2449	595315	595810	1e-33	158
Oe6_s03283	gi|685687153|gb|CP008730.1|	74.10	529	119	16	1951	2470	514121	514640	5e-47	202
Oe6_s03283	gi|685687153|gb|CP008730.1|	73.50	517	99	28	1951	2448	510812	511309	8e-35	161
Oe6_s03283	gi|1061691609|gb|CP013427.1|	74.23	520	114	20	1951	2460	2353754	2354263	2e-46	200
Oe6_s03283	gi|1061691609|gb|CP013427.1|	72.15	517	108	28	1951	2449	2350439	2350937	1e-23	124
Oe6_s03283	gi|1061767904|gb|CP013463.1|	74.12	537	111	21	1951	2473	1247968	1247446	2e-45	196
Oe6_s03283	gi|1061767904|gb|CP013463.1|	72.92	506	117	18	1954	2449	1251274	1250779	1e-33	158
Oe6_s03283	gi|1061654123|gb|CP013414.1|	74.12	537	111	21	1951	2473	1364163	1363641	2e-45	196
Oe6_s03283	gi|1061654123|gb|CP013414.1|	73.14	510	109	21	1954	2449	1367469	1366974	1e-33	158
Oe6_s03283	gi|1061545520|gb|CP013370.1|	74.12	537	111	21	1951	2473	1252223	1251701	2e-45	196
Oe6_s03283	gi|1061545520|gb|CP013370.1|	73.53	510	107	21	1954	2449	1255529	1255034	5e-37	169
Oe6_s03283	gi|975830243|gb|CP011863.1|	75.41	431	93	11	2039	2463	2189094	2189517	2e-45	196
Oe6_s03283	gi|773022854|gb|CP009832.1|	73.87	532	121	16	1951	2473	1365194	1364672	2e-45	196
Oe6_s03283	gi|773022854|gb|CP009832.1|	73.93	514	102	24	1951	2448	1368503	1368006	8e-40	178
Oe6_s03283	gi|1061540728|gb|CP013366.1|	74.14	522	111	23	1951	2460	1192937	1192428	8e-45	195
Oe6_s03283	gi|1061540728|gb|CP013366.1|	73.31	517	102	26	1951	2449	1196252	1195754	1e-33	158
Oe6_s03283	gi|685643920|gb|CP007783.1|	73.62	561	123	24	1926	2473	1111235	1110687	3e-44	193
Oe6_s03283	gi|685643920|gb|CP007783.1|	72.97	518	102	30	1951	2449	1114518	1114020	2e-30	147
Oe6_s03283	gi|1210337071|gb|CP017990.1|	75.17	431	94	10	2039	2463	3254486	3254909	1e-43	191
Oe6_s03283	gi|1182267275|gb|CP020737.1|	73.93	537	112	21	1951	2473	1271243	1270721	1e-43	191
Oe6_s03283	gi|1182267275|gb|CP020737.1|	73.28	509	116	17	1951	2449	1274549	1274051	5e-37	169
Oe6_s03283	gi|1061749782|gb|CP013453.1|	73.88	536	114	22	1951	2473	1142405	1141883	1e-43	191
Oe6_s03283	gi|1061749782|gb|CP013453.1|	73.10	513	110	23	1951	2449	1145714	1145216	1e-33	158
Oe6_s03283	gi|941149846|gb|CP007212.1|	74.12	510	110	20	1951	2449	1173543	1173045	1e-43	191
Oe6_s03283	gi|831192838|gb|CP011503.1|	73.73	533	120	17	1951	2473	2502551	2502029	1e-43	191
Oe6_s03283	gi|831192838|gb|CP011503.1|	73.23	437	87	24	2028	2449	2505884	2505463	6e-26	132
Oe6_s03283	gi|773003426|gb|CP009631.1|	73.88	536	114	22	1951	2473	2993997	2994519	1e-43	191
Oe6_s03283	gi|773003426|gb|CP009631.1|	73.10	513	110	23	1951	2449	2990688	2991186	1e-33	158
Oe6_s03283	gi|335877342|gb|JF412274.1|	75.24	424	94	9	2030	2449	70295	70711	1e-43	191
Oe6_s03283	gi|134137285|gb|CP000614.1|	73.88	536	114	22	1951	2473	1203658	1203136	1e-43	191
Oe6_s03283	gi|1105526405|dbj|AP014940.1|	74.83	441	100	11	2030	2466	3272419	3271986	4e-43	189
Oe6_s03283	gi|1061532477|gb|CP013362.1|	73.95	522	112	22	1951	2460	1190427	1189918	4e-43	189
Oe6_s03283	gi|1061532477|gb|CP013362.1|	72.97	518	102	28	1951	2449	1193742	1193244	2e-30	147
Oe6_s03283	gi|941926470|gb|CP012640.1|	74.56	452	105	10	2003	2449	4473486	4473040	4e-43	189
Oe6_s03283	gi|941926470|gb|CP012640.1|	71.92	438	109	12	2021	2451	4470067	4469637	6e-21	115
Oe6_s03283	gi|1069762288|gb|CP016442.1|	73.60	534	119	20	1951	2473	1331014	1331536	5e-42	185
Oe6_s03283	gi|1061553822|gb|CP013373.1|	73.55	533	121	17	1951	2473	1224123	1223601	5e-42	185
Oe6_s03283	gi|1061553822|gb|CP013373.1|	73.50	517	101	29	1951	2449	1227622	1227124	2e-35	163
Oe6_s03283	gi|1016273739|gb|CP014993.1|	75.00	432	93	13	2039	2463	58279	57856	5e-42	185
Oe6_s03283	gi|808740283|gb|CP011301.1|	73.60	534	119	19	1951	2473	3337657	3338179	5e-42	185
Oe6_s03283	gi|808740283|gb|CP011301.1|	72.92	517	104	28	1951	2449	3334348	3334846	2e-30	147
Oe6_s03283	gi|773016559|gb|CP009795.1|	73.60	534	119	19	1951	2473	2112413	2112935	5e-42	185
Oe6_s03283	gi|773016559|gb|CP009795.1|	72.92	517	104	28	1951	2449	2109104	2109602	2e-30	147
Oe6_s03283	gi|755895103|gb|CP002580.1|	73.92	510	111	21	1951	2449	1190351	1189853	5e-42	185
Oe6_s03283	gi|1061607018|gb|CP013401.1|	73.70	521	115	20	1951	2460	1241358	1240849	2e-41	183
Oe6_s03283	gi|973218516|gb|CP013730.1|	73.87	509	111	20	1951	2448	2941784	2942281	2e-41	183
Oe6_s03283	gi|973218516|gb|CP013730.1|	72.20	518	106	28	1951	2449	2938374	2938872	1e-23	124
Oe6_s03283	gi|169814598|gb|CP000958.1|	75.50	400	84	11	1951	2343	1277138	1276746	2e-41	183
Oe6_s03283	gi|1061600331|gb|CP013398.1|	73.77	507	113	19	1952	2448	1272023	1271527	6e-41	182
Oe6_s03283	gi|1061600331|gb|CP013398.1|	73.06	516	105	25	1951	2449	1275333	1274835	5e-32	152
Oe6_s03283	gi|1061566715|gb|CP013378.1|	73.45	565	117	31	1926	2473	2432817	2432269	6e-41	182
Oe6_s03283	gi|1061566715|gb|CP013378.1|	73.26	516	104	26	1951	2449	2436100	2435602	1e-33	158
Oe6_s03283	gi|1195657354|dbj|AP018111.1|	73.36	533	122	17	1951	2473	3447396	3446874	2e-40	180
Oe6_s03283	gi|1195657354|dbj|AP018111.1|	72.73	517	105	27	1951	2449	3450806	3450308	1e-28	141
Oe6_s03283	gi|1061718144|gb|CP013439.1|	73.51	536	116	22	1951	2473	1149489	1148967	2e-40	180
Oe6_s03283	gi|922795094|gb|CP011305.1|	74.88	426	92	11	2030	2449	4062730	4063146	2e-40	180
Oe6_s03283	gi|922683939|gb|CP011306.1|	74.88	426	92	11	2030	2449	4062730	4063146	2e-40	180
Oe6_s03283	gi|627787876|gb|CP007597.1|	74.88	426	92	14	2030	2449	357092	356676	2e-40	180
Oe6_s03283	gi|612150118|gb|CP007546.1|	74.77	432	94	12	2039	2463	932247	931824	2e-40	180
Oe6_s03283	gi|387575654|gb|CP003514.1|	73.51	536	116	22	1951	2473	1150937	1150415	2e-40	180
Oe6_s03283	gi|387575654|gb|CP003514.1|	73.29	513	109	23	1951	2449	1154246	1153748	2e-35	163
Oe6_s03283	gi|1158824256|gb|CP018756.1|	75.32	393	86	9	2018	2406	3768131	3768516	8e-40	178
Oe6_s03283	gi|1150393222|gb|CP017238.1|	75.25	400	85	11	1951	2343	1384842	1384450	8e-40	178
Oe6_s03283	gi|1150393222|gb|CP017238.1|	73.06	516	105	25	1951	2449	1388157	1387659	5e-32	152
Oe6_s03283	gi|1147475646|gb|CP019668.1|	75.25	400	85	11	1951	2343	3423045	3423437	8e-40	178
Oe6_s03283	gi|1147475646|gb|CP019668.1|	73.06	516	105	25	1951	2449	3419730	3420228	5e-32	152
Oe6_s03283	gi|1062052644|gb|CP013390.1|	73.59	515	114	22	1951	2454	1234389	1233886	8e-40	178
Oe6_s03283	gi|1062052644|gb|CP013390.1|	73.11	517	103	23	1951	2449	1237704	1237206	5e-32	152
Oe6_s03283	gi|308746527|gb|CP002272.1|	74.55	444	95	16	2039	2473	1718433	1717999	8e-40	178
Oe6_s03283	gi|116646113|gb|CP000458.1|	75.25	400	85	11	1951	2343	1315163	1314771	8e-40	178
Oe6_s03283	gi|116646113|gb|CP000458.1|	73.06	516	105	25	1951	2449	1318478	1317980	5e-32	152
Oe6_s03283	gi|105891751|gb|CP000378.1|	75.25	400	85	11	1951	2343	770528	770136	8e-40	178
Oe6_s03283	gi|105891751|gb|CP000378.1|	73.06	516	105	25	1951	2449	773843	773345	5e-32	152
Oe6_s03283	gi|1061711265|gb|CP013435.1|	73.41	519	118	17	1952	2460	1208373	1207865	3e-39	176
Oe6_s03283	gi|685652887|gb|CP007781.1|	73.41	519	118	17	1952	2460	1990382	1989874	3e-39	176
Oe6_s03283	gi|685652887|gb|CP007781.1|	73.45	516	103	26	1951	2449	1993799	1993301	2e-35	163
Oe6_s03283	gi|828922166|gb|CP011591.1|	74.48	431	97	10	2039	2463	57096	56673	1e-38	174
Oe6_s03283	gi|90103542|gb|CP000301.1|	74.09	467	101	19	2003	2459	2782094	2782550	1e-38	174
Oe6_s03283	gi|1175809475|gb|CP020599.1|	75.00	400	86	11	1951	2343	978249	977857	4e-38	172
Oe6_s03283	gi|1175809475|gb|CP020599.1|	73.17	518	101	28	1951	2449	981558	981060	5e-32	152
Oe6_s03283	gi|1004081644|gb|CP013235.1|	75.19	387	82	12	2028	2407	3341103	3341482	1e-37	171
Oe6_s03283	gi|1004068949|gb|CP013233.1|	75.19	387	82	12	2028	2407	3355924	3356303	1e-37	171
Oe6_s03283	gi|1018793630|gb|CP010512.1|	74.25	431	97	11	2039	2463	2698212	2697790	5e-37	169
Oe6_s03283	gi|1147500833|gb|CP019678.1|	74.75	400	87	11	1951	2343	1400806	1400414	2e-36	167
Oe6_s03283	gi|1147500833|gb|CP019678.1|	73.17	518	101	28	1951	2449	1404121	1403623	5e-32	152
Oe6_s03283	gi|1147484042|gb|CP019670.1|	74.75	400	87	11	1951	2343	224805	224413	2e-36	167
Oe6_s03283	gi|1147484042|gb|CP019670.1|	73.36	518	100	28	1951	2449	228120	227622	1e-33	158
Oe6_s03283	gi|1061621060|gb|CP013404.1|	73.44	512	108	27	1951	2448	1305462	1304965	2e-36	167
Oe6_s03283	gi|1061621060|gb|CP013404.1|	73.11	517	103	23	1951	2449	1308771	1308273	5e-32	152
Oe6_s03283	gi|1061597247|gb|CP013397.1|	74.75	400	87	11	1951	2343	1224276	1223884	2e-36	167
Oe6_s03283	gi|1061597247|gb|CP013397.1|	73.17	518	101	28	1951	2449	1227591	1227093	5e-32	152
Oe6_s03283	gi|1013881420|gb|CP015036.1|	74.75	400	87	11	1951	2343	4582499	4582891	2e-36	167
Oe6_s03283	gi|1013881420|gb|CP015036.1|	73.11	517	103	26	1951	2449	4579190	4579688	5e-32	152
Oe6_s03283	gi|1013874542|gb|CP015033.1|	74.75	400	87	11	1951	2343	3196413	3196805	2e-36	167
Oe6_s03283	gi|1013874542|gb|CP015033.1|	73.11	517	103	26	1951	2449	3193104	3193602	5e-32	152
Oe6_s03283	gi|971354584|gb|CP011917.1|	74.75	400	87	11	1951	2343	420521	420129	2e-36	167
Oe6_s03283	gi|971354584|gb|CP011917.1|	73.17	518	101	28	1951	2449	423836	423338	5e-32	152
Oe6_s03283	gi|959987036|gb|CP012871.1|	74.10	444	97	16	2039	2473	3007180	3007614	2e-36	167
Oe6_s03283	gi|685659702|gb|CP007787.1|	74.75	400	87	11	1951	2343	607628	608020	2e-36	167
Oe6_s03283	gi|685659702|gb|CP007787.1|	73.11	517	103	26	1951	2449	604319	604817	5e-32	152
Oe6_s03283	gi|590114466|emb|HG938370.1|	74.75	400	87	11	1951	2343	1138918	1138526	2e-36	167
Oe6_s03283	gi|590114466|emb|HG938370.1|	73.32	521	95	31	1951	2449	1142233	1141735	5e-32	152
Oe6_s03283	gi|295438061|gb|CP002014.1|	73.98	488	93	28	2003	2473	1788284	1787814	2e-36	167
Oe6_s03283	gi|1109606702|emb|LT670818.1|	74.33	413	95	11	2002	2410	3311355	3310950	6e-36	165
Oe6_s03283	gi|1109606702|emb|LT670818.1|	82.50	80	14	0	2144	2223	6651218	6651297	1e-07	71.3
Oe6_s03283	gi|402246008|gb|CP003774.1|	72.66	567	129	24	1920	2473	2554661	2555214	6e-36	165
Oe6_s03283	gi|402246008|gb|CP003774.1|	73.98	465	87	25	2002	2449	2551434	2551881	1e-33	158
Oe6_s03283	gi|1231781918|emb|LT906480.1|	74.30	428	91	15	2030	2449	4502595	4503011	2e-35	163
Oe6_s03283	gi|1061732156|gb|CP013446.1|	73.33	510	108	21	1954	2449	1273262	1272767	2e-35	163
Oe6_s03283	gi|674291045|gb|CP008838.1|	74.30	428	91	15	2030	2449	4394049	4393633	2e-35	163
Oe6_s03283	gi|384076029|emb|HE798556.1|	74.24	427	93	14	2030	2449	4345625	4346041	2e-35	163
Oe6_s03283	gi|1147493226|gb|CP019674.1|	74.50	400	88	11	1951	2343	1209386	1208994	8e-35	161
Oe6_s03283	gi|1147493226|gb|CP019674.1|	73.17	518	101	28	1951	2449	1212701	1212203	5e-32	152
Oe6_s03283	gi|1073516485|dbj|AP017655.1|	73.10	513	114	22	1955	2455	647727	648227	8e-35	161
Oe6_s03283	gi|1061742951|gb|CP013450.1|	74.50	400	88	11	1951	2343	1255542	1255150	8e-35	161
Oe6_s03283	gi|1061742951|gb|CP013450.1|	73.17	518	101	28	1951	2449	1258857	1258359	5e-32	152
Oe6_s03283	gi|922679809|gb|CP011010.1|	75.77	355	67	15	2030	2376	4358391	4358734	8e-35	161
Oe6_s03283	gi|190714214|emb|AM747720.1|	74.50	400	88	11	1951	2343	1171150	1170758	8e-35	161
Oe6_s03283	gi|190714214|emb|AM747720.1|	72.97	518	102	28	1951	2449	1174465	1173967	2e-30	147
Oe6_s03283	gi|118501159|gb|CP000482.1|	73.33	450	114	6	2003	2449	2376842	2377288	8e-35	161
Oe6_s03283	gi|118501159|gb|CP000482.1|	73.96	288	61	13	2039	2319	2379955	2380235	1e-17	104
Oe6_s03283	gi|1247224478|gb|CP023518.1|	73.26	516	104	25	1951	2449	2968934	2968436	1e-33	158
Oe6_s03283	gi|1211031914|gb|CP022083.1|	73.26	516	104	25	1951	2449	43854	44352	1e-33	158
Oe6_s03283	gi|1210979521|gb|CP022053.1|	74.07	428	92	15	2030	2449	3570774	3570358	1e-33	158
Oe6_s03283	gi|1061705156|gb|CP013433.1|	73.10	513	110	23	1951	2449	3409465	3408967	1e-33	158
Oe6_s03283	gi|1061589067|gb|CP013393.1|	73.10	513	110	23	1951	2449	1133821	1133323	1e-33	158
Oe6_s03283	gi|940695675|gb|CP012981.1|	73.26	516	104	25	1951	2449	2117138	2116640	1e-33	158
Oe6_s03283	gi|725875414|gb|CP009962.1|	73.74	438	100	12	2042	2473	5338038	5337610	1e-33	158
Oe6_s03283	gi|685635399|gb|CP007746.1|	73.26	516	104	25	1951	2449	2605940	2605442	1e-33	158
Oe6_s03283	gi|343776783|gb|CP002986.1|	74.00	427	94	13	2030	2449	4121167	4121583	1e-33	158
Oe6_s03283	gi|194346582|gb|CP001111.1|	74.07	428	92	16	2030	2449	4156713	4157129	1e-33	158
Oe6_s03283	gi|1147467756|gb|CP019666.1|	74.25	400	89	11	1951	2343	2285256	2284864	4e-33	156
Oe6_s03283	gi|1147467756|gb|CP019666.1|	73.11	517	103	26	1951	2449	2288565	2288067	5e-32	152
Oe6_s03283	gi|1127371944|gb|CP014839.1|	73.22	478	108	17	2003	2470	4025016	4024549	4e-33	156
Oe6_s03283	gi|1104452986|gb|CP011568.3|	73.22	478	108	17	2003	2470	4406310	4405843	4e-33	156
Oe6_s03283	gi|1051438892|gb|CP016294.1|	75.42	354	70	15	2030	2376	3941442	3941785	4e-33	156
Oe6_s03283	gi|574595116|gb|CP007014.1|	73.65	444	99	16	2039	2473	3302219	3301785	4e-33	156
Oe6_s03283	gi|1240694627|dbj|AP018358.1|	73.06	516	105	23	1951	2449	1290404	1289906	5e-32	152
Oe6_s03283	gi|1167499077|emb|LT828648.1|	72.68	527	118	23	1809	2322	314777	314264	5e-32	152
Oe6_s03283	gi|1061725303|gb|CP013443.1|	73.76	465	88	25	2002	2449	1269412	1268965	5e-32	152
Oe6_s03283	gi|773026461|gb|CP009798.1|	73.11	517	103	26	1951	2449	507857	508355	5e-32	152
Oe6_s03283	gi|115280044|gb|CP000440.1|	73.11	517	103	26	1951	2449	1176799	1176301	5e-32	152
Oe6_s03283	gi|1051509984|gb|CP016431.1|	76.24	303	60	11	590	886	4465049	4464753	2e-31	150
Oe6_s03283	gi|780553163|gb|CP010026.1|	78.70	230	45	3	2003	2230	4111107	4111334	2e-31	150
Oe6_s03283	gi|1098525993|gb|CP017562.1|	73.04	497	104	24	2003	2484	1364232	1364713	6e-31	148
Oe6_s03283	gi|1027800712|emb|LN907826.1|	74.35	382	82	15	2003	2376	5332323	5331950	6e-31	148
Oe6_s03283	gi|381356398|dbj|AP012279.1|	74.35	382	82	15	2003	2376	3835386	3835013	6e-31	148
Oe6_s03283	gi|834767542|gb|CP009743.1|	72.92	517	104	23	1951	2449	2240012	2240510	2e-30	147
Oe6_s03283	gi|171991584|gb|CP001025.1|	73.03	519	100	28	1951	2449	1180899	1180401	2e-30	147
Oe6_s03283	gi|77965403|gb|CP000151.1|	72.92	517	104	25	1951	2449	1249126	1248628	2e-30	147
Oe6_s03283	gi|1238365084|gb|CP022998.1|	74.86	350	72	14	2069	2410	160554	160213	8e-30	145
Oe6_s03283	gi|1087719657|gb|CP017483.1|	74.72	352	76	9	2030	2376	1833428	1833771	8e-30	145
Oe6_s03283	gi|1016905655|gb|CP015064.1|	76.33	300	54	15	2030	2322	3682831	3682542	8e-30	145
Oe6_s03283	gi|745803723|gb|CP004387.1|	75.15	330	70	12	2151	2474	4047715	4047392	8e-30	145
Oe6_s03283	gi|1109364050|gb|CP017637.1|	74.07	378	84	13	2003	2373	5715071	5714701	3e-29	143
Oe6_s03283	gi|1028470801|gb|CP014360.1|	73.32	431	97	14	2030	2451	3671677	3672098	3e-29	143
Oe6_s03283	gi|1061738291|gb|CP013448.1|	72.46	512	115	22	1951	2449	2882700	2883198	1e-28	141
Oe6_s03283	gi|982209562|gb|CP013949.1|	73.16	462	96	24	2002	2449	4075548	4075995	1e-28	141
Oe6_s03283	gi|794781939|gb|KP425267.1|	73.05	449	101	18	2003	2442	187	624	1e-28	141
Oe6_s03283	gi|1159377813|gb|CP018420.1|	72.06	501	128	10	392	886	3027696	3028190	4e-28	139
Oe6_s03283	gi|440036399|gb|CP004015.1|	73.53	408	88	15	2033	2430	3551944	3551547	1e-27	137
Oe6_s03283	gi|1206169266|gb|CP021768.1|	73.07	427	98	15	2030	2449	4066582	4066998	5e-27	135
Oe6_s03283	gi|1057959579|gb|CP016906.1|	72.96	429	101	13	2042	2463	3213573	3213993	5e-27	135
Oe6_s03283	gi|701193012|gb|CP009756.1|	72.96	429	101	13	2042	2463	3210503	3210923	5e-27	135
Oe6_s03283	gi|1134452940|gb|CP019171.1|	78.82	203	39	4	2039	2239	2627114	2626914	2e-26	134
Oe6_s03283	gi|1072291019|emb|LT599583.1|	72.64	435	107	10	392	820	3799913	3799485	2e-26	134
Oe6_s03283	gi|1016899178|gb|CP015062.1|	75.59	299	58	13	2030	2322	2179569	2179280	2e-26	134
Oe6_s03283	gi|1012291606|gb|CP014867.1|	72.58	434	109	9	392	820	6170289	6170717	2e-26	134
Oe6_s03283	gi|317165637|gb|CP002447.1|	75.59	299	58	13	2030	2322	3391934	3392223	2e-26	134
Oe6_s03283	gi|160361034|gb|CP000884.1|	78.82	203	39	4	2039	2239	2669755	2669555	2e-26	134
Oe6_s03283	gi|1085699011|emb|LT629703.1|	73.56	382	85	15	2003	2376	7466541	7466914	6e-26	132
Oe6_s03283	gi|1046580375|gb|CP016428.1|	75.00	308	65	11	2148	2449	4383270	4382969	6e-26	132
Oe6_s03283	gi|1046580375|gb|CP016428.1|	75.09	293	61	11	2163	2449	2073595	2073309	3e-24	126
Oe6_s03283	gi|1226861130|gb|CP017475.1|	72.92	432	96	18	2042	2463	3173213	3173633	2e-25	130
Oe6_s03283	gi|1192692663|gb|CP015612.1|	72.90	428	97	15	2030	2449	4227043	4227459	2e-25	130
Oe6_s03283	gi|1061573439|gb|CP013384.1|	72.90	465	92	25	2002	2449	2353686	2354133	2e-25	130
Oe6_s03283	gi|1061557599|gb|CP013375.1|	72.39	518	105	27	1951	2449	1282812	1282314	2e-25	130
Oe6_s03283	gi|1190193351|gb|CP021070.1|	75.25	299	59	13	2030	2322	3623846	3624135	8e-25	128
Oe6_s03283	gi|1131763626|emb|LT707065.1|	75.52	286	54	14	2162	2439	4936144	4935867	3e-24	126
Oe6_s03283	gi|1024316281|gb|CP014579.1|	76.86	229	49	3	2003	2229	3036531	3036757	3e-24	126
Oe6_s03283	gi|1044498541|gb|CP015318.1|	75.81	277	48	17	2042	2310	4759993	4759728	4e-23	122
Oe6_s03283	gi|1120697954|gb|CP013127.1|	73.09	379	86	15	2003	2373	5163563	5163193	1e-22	121
Oe6_s03283	gi|806922190|dbj|AP014685.1|	73.09	379	86	15	2003	2373	9002484	9002114	1e-22	121
Oe6_s03283	gi|1051525908|gb|CP016341.1|	74.39	289	68	6	2162	2447	3428070	3428355	5e-22	119
Oe6_s03283	gi|1000829488|gb|CP007159.1|	74.39	289	68	6	2162	2447	1053566	1053851	5e-22	119
Oe6_s03283	gi|986982393|gb|CP007158.1|	74.39	289	68	6	2162	2447	1041167	1041452	5e-22	119
Oe6_s03283	gi|695927505|gb|CP007495.1|	74.39	289	68	6	2162	2447	1052590	1052875	5e-22	119
Oe6_s03283	gi|605567798|gb|CP007494.1|	74.39	289	68	6	2162	2447	1054546	1054831	5e-22	119
Oe6_s03283	gi|392322800|gb|CP003678.1|	72.11	441	108	12	2030	2463	3279708	3280140	5e-22	119
Oe6_s03283	gi|1027477049|gb|CP011360.1|	72.82	379	87	15	2003	2373	4254306	4254676	6e-21	115
Oe6_s03283	gi|1026254431|gb|CP015202.1|	73.08	364	82	12	1994	2349	3255179	3254824	6e-21	115
Oe6_s03283	gi|571265423|emb|HG322949.1|	72.47	396	95	11	2066	2454	3597878	3597490	6e-21	115
Oe6_s03283	gi|148509317|gb|CP000712.1|	73.08	364	82	12	1994	2349	2487352	2487707	6e-21	115
Oe6_s03283	gi|47118316|dbj|BA000040.2|	72.82	379	87	15	2003	2373	4934635	4935005	6e-21	115
Oe6_s03283	gi|1154277018|gb|CP019732.1|	71.91	445	105	18	2039	2473	3799177	3798743	8e-20	111
Oe6_s03283	gi|1154271121|gb|CP019730.1|	71.91	445	105	18	2039	2473	3542827	3543261	8e-20	111
Oe6_s03283	gi|1142888502|gb|CP018202.1|	71.91	445	105	18	2039	2473	2840366	2840800	8e-20	111
Oe6_s03283	gi|1131742726|emb|LT707061.1|	82.93	123	21	0	1994	2116	4452517	4452395	8e-20	111
Oe6_s03283	gi|1123403776|gb|CP017009.1|	71.91	445	105	18	2039	2473	3440257	3439823	8e-20	111
Oe6_s03283	gi|1123397914|gb|CP017007.1|	71.91	445	105	18	2039	2473	3542938	3542504	8e-20	111
Oe6_s03283	gi|1082503673|gb|CP016212.1|	82.93	123	21	0	1994	2116	3349934	3349812	8e-20	111
Oe6_s03283	gi|1066925896|gb|CP011972.2|	71.91	445	105	18	2039	2473	3440257	3439823	8e-20	111
Oe6_s03283	gi|1057920376|gb|CP012179.1|	71.91	445	105	18	2039	2473	3440260	3439826	8e-20	111
Oe6_s03283	gi|1050758791|dbj|AP017605.1|	74.56	287	58	13	2042	2322	1202790	1202513	8e-20	111
Oe6_s03283	gi|1033861152|gb|CP015876.1|	71.49	491	118	18	1994	2473	3414754	3414275	8e-20	111
Oe6_s03283	gi|734574563|gb|CP009974.1|	82.93	123	21	0	1994	2116	4585718	4585840	8e-20	111
Oe6_s03283	gi|388557647|gb|CP003588.1|	71.49	491	118	18	1994	2473	95093	94614	8e-20	111
Oe6_s03283	gi|313496345|gb|CP002290.1|	82.93	123	21	0	1994	2116	2511609	2511731	8e-20	111
Oe6_s03283	gi|1034238925|gb|CP011525.1|	82.11	123	22	0	1994	2116	2602217	2602339	4e-18	106
Oe6_s03283	gi|1003117797|gb|CP010951.1|	73.94	284	64	9	611	889	87105	86827	4e-18	106
Oe6_s03283	gi|794782421|gb|KP425749.1|	89.29	84	9	0	2140	2223	134	51	4e-18	106
Oe6_s03283	gi|690276415|gb|CP009458.1|	71.55	457	110	15	2003	2449	4388920	4389366	4e-18	106
Oe6_s03283	gi|1168987590|gb|CP020369.1|	82.35	119	21	0	1994	2112	6851227	6851345	1e-17	104
Oe6_s03283	gi|1246389493|gb|CP023466.1|	74.90	243	52	8	443	679	2954608	2954847	5e-17	102
Oe6_s03283	gi|1085887091|emb|LT629762.1|	71.95	385	94	13	439	816	5695498	5695875	2e-16	100
Oe6_s03283	gi|826168461|gb|CP011371.1|	82.46	114	20	0	587	700	2536257	2536370	2e-16	100
Oe6_s03283	gi|390410848|gb|CP003379.1|	75.94	212	41	9	616	822	2440354	2440560	2e-16	100
Oe6_s03283	gi|390410848|gb|CP003379.1|	75.94	212	41	9	616	822	2900876	2901082	2e-16	100
Oe6_s03283	gi|336024847|gb|CP002279.1|	74.32	292	50	20	2030	2310	3750444	3750721	2e-16	100
Oe6_s03283	gi|723001977|dbj|AP014683.1|	76.08	209	38	11	2025	2227	638903	639105	6e-16	99.0
Oe6_s03283	gi|433663430|gb|CP003358.1|	77.40	177	32	8	2042	2214	3567588	3567760	6e-16	99.0
Oe6_s03283	gi|1086067558|emb|LT629800.1|	73.63	273	62	10	392	659	1853623	1853890	2e-15	97.1
Oe6_s03283	gi|1085726671|emb|LT629708.1|	80.83	120	23	0	1994	2113	234603	234722	8e-15	95.3
Oe6_s03283	gi|1013846130|gb|CP014947.1|	73.19	317	63	19	2046	2351	3534640	3534945	8e-15	95.3
Oe6_s03283	gi|1092252898|gb|CP017687.1|	80.34	117	23	0	2004	2120	136481	136365	4e-13	89.8
Oe6_s03283	gi|221721649|gb|CP000628.1|	93.22	59	4	0	2162	2220	3637724	3637666	1e-12	87.9
Oe6_s03283	gi|47118328|dbj|BA000012.4|	75.00	196	42	6	2137	2330	1189616	1189426	2e-11	84.2
Oe6_s03283	gi|158328513|dbj|AP009384.1|	97.37	38	1	0	1073	1110	1538643	1538606	6e-06	65.8
Oe6_s03283	gi|1049472615|emb|LT604072.1|	97.14	35	1	0	2189	2223	1384264	1384298	3e-04	60.2
Oe6_s03283	gi|828451590|gb|CP008714.1|	97.14	35	1	0	2189	2223	3059844	3059810	3e-04	60.2
Oe6_s03283	gi|794783787|gb|KP427115.1|	89.36	47	5	0	2066	2112	52	98	3e-04	60.2
Oe6_s03283	gi|1085819603|emb|LT629748.1|	100.00	29	0	0	2192	2220	1208350	1208378	0.014	54.7
Oe6_s03283	gi|743688580|gb|CP010410.1|	100.00	29	0	0	2189	2217	330770	330742	0.014	54.7
