Oe6_s00628	gi|12054837|emb|AJ243943.1|	90.91	154	14	0	46763	46916	4	157	3e-47	207
Oe6_s00628	gi|12054837|emb|AJ243943.1|	89.03	155	16	1	33991	34145	4	157	3e-42	191
Oe6_s00628	gi|12054837|emb|AJ243943.1|	88.96	154	17	0	45698	45851	4	157	3e-42	191
Oe6_s00628	gi|12054837|emb|AJ243943.1|	88.96	154	17	0	65391	65544	4	157	3e-42	191
Oe6_s00628	gi|12054837|emb|AJ243943.1|	88.39	155	18	0	8526	8680	4	158	4e-41	187
Oe6_s00628	gi|12054837|emb|AJ243943.1|	87.97	158	18	1	66506	66663	2	158	1e-40	185
Oe6_s00628	gi|12054837|emb|AJ243943.1|	88.31	154	18	0	19992	20145	4	157	1e-40	185
Oe6_s00628	gi|12054837|emb|AJ243943.1|	88.31	154	18	0	25478	25631	4	157	1e-40	185
Oe6_s00628	gi|12054837|emb|AJ243943.1|	88.31	154	18	0	37550	37703	4	157	1e-40	185
Oe6_s00628	gi|12054837|emb|AJ243943.1|	87.74	155	19	0	57567	57721	4	158	2e-39	182
Oe6_s00628	gi|12054837|emb|AJ243943.1|	87.66	154	19	0	14004	14157	4	157	6e-39	180
Oe6_s00628	gi|12054837|emb|AJ243943.1|	87.66	154	19	0	57247	57400	4	157	6e-39	180
Oe6_s00628	gi|12054837|emb|AJ243943.1|	87.58	153	19	0	64591	64743	4	156	2e-38	178
Oe6_s00628	gi|12054837|emb|AJ243943.1|	86.71	158	20	1	38906	39063	2	158	3e-37	174
Oe6_s00628	gi|12054837|emb|AJ243943.1|	87.01	154	20	0	42660	42813	4	157	3e-37	174
Oe6_s00628	gi|12054837|emb|AJ243943.1|	87.01	154	20	0	57647	57800	4	157	3e-37	174
Oe6_s00628	gi|12054837|emb|AJ243943.1|	87.01	154	20	0	63074	63227	4	157	3e-37	174
Oe6_s00628	gi|12054837|emb|AJ243943.1|	87.01	154	20	0	64911	65064	4	157	3e-37	174
Oe6_s00628	gi|12054837|emb|AJ243943.1|	87.33	150	17	2	330	478	10	158	4e-36	171
Oe6_s00628	gi|12054837|emb|AJ243943.1|	86.36	154	21	0	6	159	4	157	1e-35	169
Oe6_s00628	gi|12054837|emb|AJ243943.1|	86.45	155	19	2	404	557	4	157	1e-35	169
Oe6_s00628	gi|12054837|emb|AJ243943.1|	86.36	154	21	0	32636	32789	4	157	1e-35	169
Oe6_s00628	gi|12054837|emb|AJ243943.1|	85.99	157	21	1	51625	51781	2	157	5e-35	167
Oe6_s00628	gi|12054837|emb|AJ243943.1|	86.36	154	20	1	7712	7864	4	157	5e-35	167
Oe6_s00628	gi|12054837|emb|AJ243943.1|	86.36	154	20	1	40426	40578	4	157	5e-35	167
Oe6_s00628	gi|12054837|emb|AJ243943.1|	86.36	154	20	1	46923	47075	4	157	5e-35	167
Oe6_s00628	gi|12054837|emb|AJ243943.1|	86.27	153	21	0	7392	7544	4	156	5e-35	167
Oe6_s00628	gi|12054837|emb|AJ243943.1|	86.27	153	21	0	22520	22672	4	156	5e-35	167
Oe6_s00628	gi|12054837|emb|AJ243943.1|	86.27	153	21	0	30433	30585	4	156	5e-35	167
Oe6_s00628	gi|12054837|emb|AJ243943.1|	85.90	156	20	2	44499	44653	4	158	2e-34	165
Oe6_s00628	gi|12054837|emb|AJ243943.1|	85.81	155	22	0	56687	56841	4	158	2e-34	165
Oe6_s00628	gi|12054837|emb|AJ243943.1|	85.44	158	21	2	52265	52422	2	157	6e-34	163
Oe6_s00628	gi|12054837|emb|AJ243943.1|	85.71	154	22	0	14725	14878	4	157	6e-34	163
Oe6_s00628	gi|12054837|emb|AJ243943.1|	85.81	155	21	1	33032	33186	4	157	6e-34	163
Oe6_s00628	gi|12054837|emb|AJ243943.1|	85.71	154	22	0	38989	39142	4	157	6e-34	163
Oe6_s00628	gi|12054837|emb|AJ243943.1|	85.71	154	22	0	43460	43613	4	157	6e-34	163
Oe6_s00628	gi|12054837|emb|AJ243943.1|	85.81	155	20	2	43620	43773	4	157	6e-34	163
Oe6_s00628	gi|12054837|emb|AJ243943.1|	85.71	154	22	0	49872	50025	4	157	6e-34	163
Oe6_s00628	gi|12054837|emb|AJ243943.1|	85.71	154	22	0	59247	59400	4	157	6e-34	163
Oe6_s00628	gi|12054837|emb|AJ243943.1|	85.71	154	22	0	69706	69859	4	157	6e-34	163
Oe6_s00628	gi|12054837|emb|AJ243943.1|	85.35	157	22	1	35024	35179	4	160	2e-33	161
Oe6_s00628	gi|12054837|emb|AJ243943.1|	85.71	154	20	2	22122	22273	4	157	2e-33	161
Oe6_s00628	gi|12054837|emb|AJ243943.1|	85.35	157	19	3	8606	8760	4	158	8e-33	159
Oe6_s00628	gi|12054837|emb|AJ243943.1|	85.35	157	19	3	15284	15438	4	158	8e-33	159
Oe6_s00628	gi|12054837|emb|AJ243943.1|	85.62	153	20	2	34630	34781	6	157	8e-33	159
Oe6_s00628	gi|12054837|emb|AJ243943.1|	84.71	157	24	0	34071	34227	4	160	3e-32	158
Oe6_s00628	gi|12054837|emb|AJ243943.1|	85.06	154	23	0	6189	6342	4	157	3e-32	158
Oe6_s00628	gi|12054837|emb|AJ243943.1|	85.06	154	23	0	22840	22993	4	157	3e-32	158
Oe6_s00628	gi|12054837|emb|AJ243943.1|	84.71	157	22	2	49391	49546	2	157	1e-31	156
Oe6_s00628	gi|12054837|emb|AJ243943.1|	84.71	157	22	2	54607	54762	2	157	1e-31	156
Oe6_s00628	gi|12054837|emb|AJ243943.1|	85.06	154	22	1	11927	12080	4	156	1e-31	156
Oe6_s00628	gi|12054837|emb|AJ243943.1|	84.42	154	24	0	29954	30107	4	157	1e-30	152
Oe6_s00628	gi|12054837|emb|AJ243943.1|	83.77	154	25	0	8208	8361	4	157	6e-29	147
Oe6_s00628	gi|12054837|emb|AJ243943.1|	83.87	155	24	1	66268	66422	4	157	6e-29	147
Oe6_s00628	gi|12054837|emb|AJ243943.1|	83.87	155	24	1	71143	71297	4	157	6e-29	147
Oe6_s00628	gi|12054837|emb|AJ243943.1|	83.12	154	26	0	5869	6022	4	157	3e-27	141
Oe6_s00628	gi|12054837|emb|AJ243943.1|	83.12	154	26	0	64031	64184	4	157	3e-27	141
Oe6_s00628	gi|12054837|emb|AJ243943.1|	81.60	163	25	3	6985	7147	1	158	6e-24	130
Oe6_s00628	gi|12054837|emb|AJ243943.1|	86.96	115	15	0	15661	15775	4	118	6e-24	130
Oe6_s00628	gi|12054837|emb|AJ243943.1|	84.35	115	16	2	9084	9197	4	117	2e-18	111
Oe6_s00628	gi|2664193|emb|AJ002765.1|	93.83	81	4	1	46819	46898	1	81	4e-21	121
Oe6_s00628	gi|2664193|emb|AJ002765.1|	93.51	77	4	1	46740	46815	2	78	6e-19	113
Oe6_s00628	gi|2664193|emb|AJ002765.1|	91.36	81	6	1	12862	12941	1	81	8e-18	110
Oe6_s00628	gi|2664193|emb|AJ002765.1|	91.36	81	6	1	20048	20127	1	81	8e-18	110
Oe6_s00628	gi|2664193|emb|AJ002765.1|	91.36	81	6	1	26494	26573	1	81	8e-18	110
Oe6_s00628	gi|2664193|emb|AJ002765.1|	91.36	81	6	1	28810	28889	1	81	8e-18	110
Oe6_s00628	gi|2664193|emb|AJ002765.1|	90.12	81	7	1	22256	22335	1	81	4e-16	104
Oe6_s00628	gi|2664193|emb|AJ002765.1|	90.12	81	7	1	31209	31288	1	81	4e-16	104
Oe6_s00628	gi|2664193|emb|AJ002765.1|	90.12	81	7	1	38404	38483	1	81	4e-16	104
Oe6_s00628	gi|2664193|emb|AJ002765.1|	90.12	81	7	1	67044	67123	1	81	4e-16	104
Oe6_s00628	gi|2664193|emb|AJ002765.1|	91.03	78	6	1	6165	6241	1	78	4e-16	104
Oe6_s00628	gi|2664193|emb|AJ002765.1|	91.03	78	6	1	8582	8658	1	78	4e-16	104
Oe6_s00628	gi|2664193|emb|AJ002765.1|	91.03	78	6	1	63050	63126	1	78	4e-16	104
Oe6_s00628	gi|2664193|emb|AJ002765.1|	91.03	78	6	1	69682	69758	1	78	4e-16	104
Oe6_s00628	gi|2664193|emb|AJ002765.1|	92.00	75	5	1	35798	35871	1	75	4e-16	104
Oe6_s00628	gi|2664193|emb|AJ002765.1|	88.89	81	8	1	9277	9356	1	81	2e-14	99.0
Oe6_s00628	gi|2664193|emb|AJ002765.1|	88.89	81	8	1	16082	16161	1	81	2e-14	99.0
Oe6_s00628	gi|2664193|emb|AJ002765.1|	88.89	81	8	1	16958	17037	1	81	2e-14	99.0
Oe6_s00628	gi|2664193|emb|AJ002765.1|	88.89	81	8	1	23455	23534	1	81	2e-14	99.0
Oe6_s00628	gi|2664193|emb|AJ002765.1|	88.89	81	8	1	27851	27930	1	81	2e-14	99.0
Oe6_s00628	gi|2664193|emb|AJ002765.1|	88.89	81	8	1	31369	31448	1	81	2e-14	99.0
Oe6_s00628	gi|2664193|emb|AJ002765.1|	88.89	81	8	1	33089	33168	1	81	2e-14	99.0
Oe6_s00628	gi|2664193|emb|AJ002765.1|	88.89	81	8	1	36967	37046	1	81	2e-14	99.0
Oe6_s00628	gi|2664193|emb|AJ002765.1|	88.89	81	8	1	42716	42795	1	81	2e-14	99.0
Oe6_s00628	gi|2664193|emb|AJ002765.1|	88.89	81	8	1	65447	65526	1	81	2e-14	99.0
Oe6_s00628	gi|2664193|emb|AJ002765.1|	88.89	81	8	1	68082	68161	1	81	2e-14	99.0
Oe6_s00628	gi|2664193|emb|AJ002765.1|	88.89	81	7	2	7847	7926	1	80	2e-14	99.0
Oe6_s00628	gi|2664193|emb|AJ002765.1|	89.74	78	7	1	380	456	1	78	2e-14	99.0
Oe6_s00628	gi|2664193|emb|AJ002765.1|	89.74	78	7	1	6965	7041	1	78	2e-14	99.0
Oe6_s00628	gi|2664193|emb|AJ002765.1|	89.74	78	7	1	11183	11259	1	78	2e-14	99.0
Oe6_s00628	gi|2664193|emb|AJ002765.1|	89.74	78	7	1	15260	15336	1	78	2e-14	99.0
Oe6_s00628	gi|2664193|emb|AJ002765.1|	89.74	78	7	1	17281	17357	1	78	2e-14	99.0
Oe6_s00628	gi|2664193|emb|AJ002765.1|	89.74	78	7	1	20370	20446	1	78	2e-14	99.0
Oe6_s00628	gi|2664193|emb|AJ002765.1|	89.74	78	7	1	25454	25530	1	78	2e-14	99.0
Oe6_s00628	gi|2664193|emb|AJ002765.1|	89.74	78	7	1	32612	32688	1	78	2e-14	99.0
Oe6_s00628	gi|2664193|emb|AJ002765.1|	90.00	80	3	4	42636	42712	1	78	2e-14	99.0
Oe6_s00628	gi|2664193|emb|AJ002765.1|	89.74	78	7	1	45754	45830	1	78	2e-14	99.0
Oe6_s00628	gi|2664193|emb|AJ002765.1|	89.74	78	7	1	45834	45910	1	78	2e-14	99.0
Oe6_s00628	gi|2664193|emb|AJ002765.1|	89.74	78	7	1	46899	46975	1	78	2e-14	99.0
Oe6_s00628	gi|2664193|emb|AJ002765.1|	89.74	78	7	1	52816	52892	1	78	2e-14	99.0
Oe6_s00628	gi|2664193|emb|AJ002765.1|	89.74	78	7	1	55544	55620	1	78	2e-14	99.0
Oe6_s00628	gi|2664193|emb|AJ002765.1|	89.74	78	7	1	57623	57699	1	78	2e-14	99.0
Oe6_s00628	gi|2664193|emb|AJ002765.1|	89.74	78	7	1	62490	62566	1	78	2e-14	99.0
Oe6_s00628	gi|2664193|emb|AJ002765.1|	89.74	78	7	1	66565	66641	1	78	2e-14	99.0
Oe6_s00628	gi|2664193|emb|AJ002765.1|	90.67	75	6	1	14140	14213	1	75	2e-14	99.0
Oe6_s00628	gi|2664193|emb|AJ002765.1|	88.75	80	8	1	58182	58260	1	80	6e-14	97.1
Oe6_s00628	gi|2664193|emb|AJ002765.1|	91.55	71	5	1	28579	28648	10	80	6e-14	97.1
Oe6_s00628	gi|2664193|emb|AJ002765.1|	87.65	81	9	1	2114	2193	1	81	8e-13	93.5
Oe6_s00628	gi|2664193|emb|AJ002765.1|	87.65	81	8	2	2673	2751	1	81	8e-13	93.5
Oe6_s00628	gi|2664193|emb|AJ002765.1|	87.65	81	9	1	5046	5125	1	81	8e-13	93.5
Oe6_s00628	gi|2664193|emb|AJ002765.1|	87.65	81	9	1	10876	10955	1	81	8e-13	93.5
Oe6_s00628	gi|2664193|emb|AJ002765.1|	87.65	81	9	1	21858	21937	1	81	8e-13	93.5
Oe6_s00628	gi|2664193|emb|AJ002765.1|	87.65	81	9	1	24495	24574	1	81	8e-13	93.5
Oe6_s00628	gi|2664193|emb|AJ002765.1|	87.65	81	9	1	24575	24654	1	81	8e-13	93.5
Oe6_s00628	gi|2664193|emb|AJ002765.1|	87.65	81	9	1	24735	24814	1	81	8e-13	93.5
Oe6_s00628	gi|2664193|emb|AJ002765.1|	87.65	81	9	1	33648	33727	1	81	8e-13	93.5
Oe6_s00628	gi|2664193|emb|AJ002765.1|	87.65	81	9	1	37606	37685	1	81	8e-13	93.5
Oe6_s00628	gi|2664193|emb|AJ002765.1|	87.65	81	9	1	43836	43915	1	81	8e-13	93.5
Oe6_s00628	gi|2664193|emb|AJ002765.1|	87.65	81	9	1	57223	57302	1	81	8e-13	93.5
Oe6_s00628	gi|2664193|emb|AJ002765.1|	87.65	81	9	1	60419	60498	1	81	8e-13	93.5
Oe6_s00628	gi|2664193|emb|AJ002765.1|	87.65	81	9	1	69042	69121	1	81	8e-13	93.5
Oe6_s00628	gi|2664193|emb|AJ002765.1|	87.65	81	8	2	11503	11582	1	80	8e-13	93.5
Oe6_s00628	gi|2664193|emb|AJ002765.1|	88.46	78	8	1	7688	7764	1	78	8e-13	93.5
Oe6_s00628	gi|2664193|emb|AJ002765.1|	88.46	78	8	1	19407	19483	1	78	8e-13	93.5
Oe6_s00628	gi|2664193|emb|AJ002765.1|	88.46	78	8	1	19888	19964	1	78	8e-13	93.5
Oe6_s00628	gi|2664193|emb|AJ002765.1|	88.46	78	8	1	34047	34123	1	78	8e-13	93.5
Oe6_s00628	gi|2664193|emb|AJ002765.1|	88.46	78	8	1	40402	40478	1	78	8e-13	93.5
Oe6_s00628	gi|2664193|emb|AJ002765.1|	88.46	78	8	1	49848	49924	1	78	8e-13	93.5
Oe6_s00628	gi|2664193|emb|AJ002765.1|	88.75	80	4	4	56663	56739	1	78	8e-13	93.5
Oe6_s00628	gi|2664193|emb|AJ002765.1|	88.75	80	4	4	64567	64643	1	78	8e-13	93.5
Oe6_s00628	gi|2664193|emb|AJ002765.1|	91.30	69	5	1	43605	43672	10	78	8e-13	93.5
Oe6_s00628	gi|2664193|emb|AJ002765.1|	91.30	69	5	1	21950	22017	13	81	8e-13	93.5
Oe6_s00628	gi|2664193|emb|AJ002765.1|	87.50	80	9	1	41838	41916	2	81	3e-12	91.6
Oe6_s00628	gi|2664193|emb|AJ002765.1|	88.31	77	8	1	4272	4347	2	78	3e-12	91.6
Oe6_s00628	gi|2664193|emb|AJ002765.1|	88.16	76	8	1	12064	12138	1	76	1e-11	89.8
Oe6_s00628	gi|2664193|emb|AJ002765.1|	88.16	76	8	1	34606	34680	3	78	1e-11	89.8
Oe6_s00628	gi|2664193|emb|AJ002765.1|	90.00	70	6	1	29461	29529	12	81	1e-11	89.8
Oe6_s00628	gi|2664193|emb|AJ002765.1|	86.42	81	10	1	22976	23055	1	81	4e-11	87.9
Oe6_s00628	gi|2664193|emb|AJ002765.1|	86.42	81	10	1	26893	26972	1	81	4e-11	87.9
Oe6_s00628	gi|2664193|emb|AJ002765.1|	86.42	81	10	1	27292	27371	1	81	4e-11	87.9
Oe6_s00628	gi|2664193|emb|AJ002765.1|	86.42	81	10	1	29371	29450	1	81	4e-11	87.9
Oe6_s00628	gi|2664193|emb|AJ002765.1|	86.42	81	10	1	30090	30169	1	81	4e-11	87.9
Oe6_s00628	gi|2664193|emb|AJ002765.1|	86.42	81	10	1	30809	30888	1	81	4e-11	87.9
Oe6_s00628	gi|2664193|emb|AJ002765.1|	86.42	81	10	1	31049	31128	1	81	4e-11	87.9
Oe6_s00628	gi|2664193|emb|AJ002765.1|	86.42	81	10	1	42398	42477	1	81	4e-11	87.9
Oe6_s00628	gi|2664193|emb|AJ002765.1|	86.42	81	10	1	47618	47697	1	81	4e-11	87.9
Oe6_s00628	gi|2664193|emb|AJ002765.1|	86.42	81	10	1	56343	56422	1	81	4e-11	87.9
Oe6_s00628	gi|2664193|emb|AJ002765.1|	86.42	81	10	1	60261	60340	1	81	4e-11	87.9
Oe6_s00628	gi|2664193|emb|AJ002765.1|	86.42	81	9	2	14381	14460	1	80	4e-11	87.9
Oe6_s00628	gi|2664193|emb|AJ002765.1|	87.18	78	9	1	540	616	1	78	4e-11	87.9
Oe6_s00628	gi|2664193|emb|AJ002765.1|	87.18	78	9	1	12782	12858	1	78	4e-11	87.9
Oe6_s00628	gi|2664193|emb|AJ002765.1|	87.18	78	9	1	12942	13018	1	78	4e-11	87.9
Oe6_s00628	gi|2664193|emb|AJ002765.1|	87.18	78	9	1	19327	19403	1	78	4e-11	87.9
Oe6_s00628	gi|2664193|emb|AJ002765.1|	87.18	78	9	1	19968	20044	1	78	4e-11	87.9
Oe6_s00628	gi|2664193|emb|AJ002765.1|	87.18	78	9	1	24095	24171	1	78	4e-11	87.9
Oe6_s00628	gi|2664193|emb|AJ002765.1|	87.18	78	9	1	25534	25610	1	78	4e-11	87.9
Oe6_s00628	gi|2664193|emb|AJ002765.1|	87.18	78	9	1	31529	31605	1	78	4e-11	87.9
Oe6_s00628	gi|2664193|emb|AJ002765.1|	87.18	78	9	1	33967	34043	1	78	4e-11	87.9
Oe6_s00628	gi|2664193|emb|AJ002765.1|	87.18	78	9	1	44555	44631	1	78	4e-11	87.9
Oe6_s00628	gi|2664193|emb|AJ002765.1|	87.18	78	9	1	66485	66561	1	78	4e-11	87.9
Oe6_s00628	gi|2664193|emb|AJ002765.1|	88.89	72	7	1	10165	10235	10	81	4e-11	87.9
Oe6_s00628	gi|2664193|emb|AJ002765.1|	88.89	72	7	1	64176	64246	10	81	4e-11	87.9
Oe6_s00628	gi|2664193|emb|AJ002765.1|	89.86	69	6	1	24667	24734	13	81	4e-11	87.9
Oe6_s00628	gi|2664193|emb|AJ002765.1|	86.25	80	10	1	10236	10314	1	80	1e-10	86.1
Oe6_s00628	gi|2664193|emb|AJ002765.1|	87.01	77	9	1	24975	25050	2	78	1e-10	86.1
Oe6_s00628	gi|2664193|emb|AJ002765.1|	89.71	68	6	1	24825	24891	12	79	1e-10	86.1
Oe6_s00628	gi|2664193|emb|AJ002765.1|	89.71	68	6	1	27384	27450	14	81	1e-10	86.1
Oe6_s00628	gi|2664193|emb|AJ002765.1|	86.84	76	9	1	13342	13416	1	76	5e-10	84.2
Oe6_s00628	gi|2664193|emb|AJ002765.1|	86.84	76	9	1	49132	49206	3	78	5e-10	84.2
Oe6_s00628	gi|2664193|emb|AJ002765.1|	86.84	76	9	1	54348	54422	3	78	5e-10	84.2
Oe6_s00628	gi|2664193|emb|AJ002765.1|	85.19	81	10	2	54985	55064	1	80	2e-09	82.4
Oe6_s00628	gi|2664193|emb|AJ002765.1|	85.19	81	10	2	62890	62969	1	80	2e-09	82.4
Oe6_s00628	gi|2664193|emb|AJ002765.1|	85.90	78	10	1	9517	9593	1	78	2e-09	82.4
Oe6_s00628	gi|2664193|emb|AJ002765.1|	85.90	78	10	1	14781	14857	1	78	2e-09	82.4
Oe6_s00628	gi|2664193|emb|AJ002765.1|	85.90	78	10	1	16798	16874	1	78	2e-09	82.4
Oe6_s00628	gi|2664193|emb|AJ002765.1|	85.90	78	10	1	22018	22094	1	78	2e-09	82.4
Oe6_s00628	gi|2664193|emb|AJ002765.1|	85.90	78	10	1	30409	30485	1	78	2e-09	82.4
Oe6_s00628	gi|2664193|emb|AJ002765.1|	85.90	78	10	1	45674	45750	1	78	2e-09	82.4
Oe6_s00628	gi|2664193|emb|AJ002765.1|	85.90	78	10	1	50008	50084	1	78	2e-09	82.4
Oe6_s00628	gi|2664193|emb|AJ002765.1|	87.50	72	8	1	2841	2911	10	81	2e-09	82.4
Oe6_s00628	gi|2664193|emb|AJ002765.1|	89.39	66	6	1	9369	9433	13	78	2e-09	82.4
Oe6_s00628	gi|2664193|emb|AJ002765.1|	89.39	66	6	1	10408	10472	13	78	2e-09	82.4
Oe6_s00628	gi|2664193|emb|AJ002765.1|	85.00	80	11	1	24894	24972	1	80	6e-09	80.5
Oe6_s00628	gi|2664193|emb|AJ002765.1|	85.71	77	10	1	1794	1869	1	77	6e-09	80.5
Oe6_s00628	gi|2664193|emb|AJ002765.1|	85.71	77	10	1	15638	15713	2	78	6e-09	80.5
Oe6_s00628	gi|2664193|emb|AJ002765.1|	85.71	77	10	1	53534	53609	2	78	6e-09	80.5
Oe6_s00628	gi|2664193|emb|AJ002765.1|	84.81	79	11	1	50887	50964	1	79	2e-08	78.7
Oe6_s00628	gi|2664193|emb|AJ002765.1|	84.81	79	10	2	9759	9835	3	81	2e-08	78.7
Oe6_s00628	gi|2664193|emb|AJ002765.1|	85.53	76	10	1	61540	61614	3	78	2e-08	78.7
Oe6_s00628	gi|2664193|emb|AJ002765.1|	85.53	76	10	1	62252	62326	3	78	2e-08	78.7
Oe6_s00628	gi|2664193|emb|AJ002765.1|	83.95	81	11	2	55944	56023	1	80	8e-08	76.8
Oe6_s00628	gi|2664193|emb|AJ002765.1|	84.62	78	11	1	7368	7444	1	78	8e-08	76.8
Oe6_s00628	gi|2664193|emb|AJ002765.1|	84.62	78	10	2	8981	9056	1	78	8e-08	76.8
Oe6_s00628	gi|2664193|emb|AJ002765.1|	84.62	78	11	1	22496	22572	1	78	8e-08	76.8
Oe6_s00628	gi|2664193|emb|AJ002765.1|	84.62	78	11	1	26973	27049	1	78	8e-08	76.8
Oe6_s00628	gi|2664193|emb|AJ002765.1|	84.62	78	11	1	28650	28726	1	78	8e-08	76.8
Oe6_s00628	gi|2664193|emb|AJ002765.1|	84.62	78	11	1	33568	33644	1	78	8e-08	76.8
Oe6_s00628	gi|2664193|emb|AJ002765.1|	85.00	80	7	4	38885	38961	1	78	8e-08	76.8
Oe6_s00628	gi|2664193|emb|AJ002765.1|	84.62	78	11	1	43036	43112	1	78	8e-08	76.8
Oe6_s00628	gi|2664193|emb|AJ002765.1|	85.00	80	7	4	49370	49446	1	78	8e-08	76.8
Oe6_s00628	gi|2664193|emb|AJ002765.1|	85.00	80	7	4	51604	51680	1	78	8e-08	76.8
Oe6_s00628	gi|2664193|emb|AJ002765.1|	85.00	80	7	4	52244	52320	1	78	8e-08	76.8
Oe6_s00628	gi|2664193|emb|AJ002765.1|	85.00	80	7	4	55464	55540	1	78	8e-08	76.8
Oe6_s00628	gi|2664193|emb|AJ002765.1|	84.62	78	11	1	58582	58658	1	78	8e-08	76.8
Oe6_s00628	gi|2664193|emb|AJ002765.1|	84.62	78	11	1	59063	59139	1	78	8e-08	76.8
Oe6_s00628	gi|2664193|emb|AJ002765.1|	84.62	78	11	1	64887	64963	1	78	8e-08	76.8
Oe6_s00628	gi|2664193|emb|AJ002765.1|	84.62	78	11	1	65367	65443	1	78	8e-08	76.8
Oe6_s00628	gi|2664193|emb|AJ002765.1|	85.33	75	10	1	3951	4024	1	75	8e-08	76.8
Oe6_s00628	gi|2664193|emb|AJ002765.1|	86.96	69	8	1	8511	8578	10	78	8e-08	76.8
Oe6_s00628	gi|2664193|emb|AJ002765.1|	86.96	69	8	1	41367	41434	10	78	8e-08	76.8
Oe6_s00628	gi|2664193|emb|AJ002765.1|	87.88	66	7	1	55876	55940	13	78	8e-08	76.8
Oe6_s00628	gi|2664193|emb|AJ002765.1|	87.88	66	7	1	63859	63923	13	78	8e-08	76.8
Oe6_s00628	gi|2664193|emb|AJ002765.1|	100.00	41	0	0	54145	54185	41	81	8e-08	76.8
Oe6_s00628	gi|2664193|emb|AJ002765.1|	87.69	65	7	1	29300	29363	11	75	3e-07	75.0
Oe6_s00628	gi|2664193|emb|AJ002765.1|	89.83	59	5	1	1	58	20	78	3e-07	75.0
Oe6_s00628	gi|2664193|emb|AJ002765.1|	83.54	79	11	2	48017	48094	1	78	1e-06	73.1
Oe6_s00628	gi|2664193|emb|AJ002765.1|	84.62	78	7	4	52725	52799	1	76	1e-06	73.1
Oe6_s00628	gi|2664193|emb|AJ002765.1|	84.21	76	11	1	61690	61764	1	76	1e-06	73.1
Oe6_s00628	gi|2664193|emb|AJ002765.1|	85.71	70	9	1	26104	26172	11	80	1e-06	73.1
Oe6_s00628	gi|2664193|emb|AJ002765.1|	82.72	81	12	2	38805	38884	1	80	4e-06	71.3
Oe6_s00628	gi|2664193|emb|AJ002765.1|	83.33	78	12	1	26654	26730	1	78	4e-06	71.3
Oe6_s00628	gi|2664193|emb|AJ002765.1|	85.51	69	9	1	31690	31757	1	69	4e-06	71.3
Oe6_s00628	gi|2664193|emb|AJ002765.1|	85.51	69	9	1	60750	60817	13	81	4e-06	71.3
Oe6_s00628	gi|2664193|emb|AJ002765.1|	82.05	78	13	1	10556	10632	1	78	2e-04	65.8
Oe6_s00628	gi|2664193|emb|AJ002765.1|	82.05	78	13	1	14941	15017	1	78	2e-04	65.8
Oe6_s00628	gi|2664193|emb|AJ002765.1|	82.67	75	12	1	4431	4504	1	75	2e-04	65.8
Oe6_s00628	gi|2664193|emb|AJ002765.1|	82.67	75	12	1	7129	7202	1	75	2e-04	65.8
Oe6_s00628	gi|2664193|emb|AJ002765.1|	82.67	75	11	2	16479	16551	1	75	2e-04	65.8
Oe6_s00628	gi|2664193|emb|AJ002765.1|	84.06	69	10	1	23056	23123	1	69	2e-04	65.8
Oe6_s00628	gi|2664193|emb|AJ002765.1|	81.33	75	13	1	18006	18079	1	75	0.008	60.2
Oe6_s00628	gi|2664193|emb|AJ002765.1|	81.33	75	13	1	21095	21168	1	75	0.008	60.2
Oe6_s00628	gi|12054838|emb|AJ243944.1|	94.59	74	4	0	47722	47795	3	76	2e-19	115
Oe6_s00628	gi|12054838|emb|AJ243944.1|	94.59	74	4	0	48602	48675	3	76	2e-19	115
Oe6_s00628	gi|12054838|emb|AJ243944.1|	93.24	74	5	0	22360	22433	3	76	8e-18	110
Oe6_s00628	gi|12054838|emb|AJ243944.1|	93.24	74	5	0	23879	23952	3	76	8e-18	110
Oe6_s00628	gi|12054838|emb|AJ243944.1|	93.24	74	5	0	24279	24352	3	76	8e-18	110
Oe6_s00628	gi|12054838|emb|AJ243944.1|	93.24	74	5	0	25078	25151	3	76	8e-18	110
Oe6_s00628	gi|12054838|emb|AJ243944.1|	93.24	74	5	0	39469	39542	3	76	8e-18	110
Oe6_s00628	gi|12054838|emb|AJ243944.1|	93.24	74	5	0	47243	47316	3	76	8e-18	110
Oe6_s00628	gi|12054838|emb|AJ243944.1|	93.24	74	5	0	66988	67061	3	76	8e-18	110
Oe6_s00628	gi|12054838|emb|AJ243944.1|	93.24	74	5	0	67148	67221	3	76	8e-18	110
Oe6_s00628	gi|12054838|emb|AJ243944.1|	93.24	74	4	1	38189	38261	3	76	3e-17	108
Oe6_s00628	gi|12054838|emb|AJ243944.1|	93.24	74	4	1	60364	60436	3	76	3e-17	108
Oe6_s00628	gi|12054838|emb|AJ243944.1|	92.00	75	5	1	18873	18946	3	77	4e-16	104
Oe6_s00628	gi|12054838|emb|AJ243944.1|	91.89	74	6	0	6	79	3	76	4e-16	104
Oe6_s00628	gi|12054838|emb|AJ243944.1|	91.89	74	6	0	10420	10493	3	76	4e-16	104
Oe6_s00628	gi|12054838|emb|AJ243944.1|	91.89	74	6	0	26518	26591	3	76	4e-16	104
Oe6_s00628	gi|12054838|emb|AJ243944.1|	91.89	74	6	0	37630	37703	3	76	4e-16	104
Oe6_s00628	gi|12054838|emb|AJ243944.1|	91.89	74	6	0	45778	45851	3	76	4e-16	104
Oe6_s00628	gi|12054838|emb|AJ243944.1|	91.89	74	6	0	57167	57240	3	76	4e-16	104
Oe6_s00628	gi|12054838|emb|AJ243944.1|	91.89	74	6	0	68906	68979	3	76	4e-16	104
Oe6_s00628	gi|12054838|emb|AJ243944.1|	91.89	74	5	1	17783	17855	3	76	1e-15	102
Oe6_s00628	gi|12054838|emb|AJ243944.1|	91.89	74	5	1	20872	20944	3	76	1e-15	102
Oe6_s00628	gi|12054838|emb|AJ243944.1|	90.67	75	7	0	16266	16340	3	77	5e-15	100
Oe6_s00628	gi|12054838|emb|AJ243944.1|	90.67	75	7	0	21962	22036	3	77	5e-15	100
Oe6_s00628	gi|12054838|emb|AJ243944.1|	90.67	75	7	0	27795	27869	3	77	5e-15	100
Oe6_s00628	gi|12054838|emb|AJ243944.1|	90.67	75	7	0	29874	29948	3	77	5e-15	100
Oe6_s00628	gi|12054838|emb|AJ243944.1|	90.54	74	7	0	1978	2051	3	76	2e-14	99.0
Oe6_s00628	gi|12054838|emb|AJ243944.1|	90.54	74	7	0	2617	2690	3	76	2e-14	99.0
Oe6_s00628	gi|12054838|emb|AJ243944.1|	90.54	74	7	0	4135	4208	3	76	2e-14	99.0
Oe6_s00628	gi|12054838|emb|AJ243944.1|	90.54	74	7	0	11767	11840	3	76	2e-14	99.0
Oe6_s00628	gi|12054838|emb|AJ243944.1|	90.54	74	7	0	16186	16259	3	76	2e-14	99.0
Oe6_s00628	gi|12054838|emb|AJ243944.1|	90.54	74	7	0	28275	28348	3	76	2e-14	99.0
Oe6_s00628	gi|12054838|emb|AJ243944.1|	90.54	74	7	0	28834	28907	3	76	2e-14	99.0
Oe6_s00628	gi|12054838|emb|AJ243944.1|	90.54	74	7	0	32716	32789	3	76	2e-14	99.0
Oe6_s00628	gi|12054838|emb|AJ243944.1|	95.08	61	3	0	45856	45916	1	61	6e-14	97.1
Oe6_s00628	gi|12054838|emb|AJ243944.1|	90.28	72	7	0	67070	67141	5	76	2e-13	95.3
Oe6_s00628	gi|12054838|emb|AJ243944.1|	89.33	75	7	1	51231	51304	3	77	8e-13	93.5
Oe6_s00628	gi|12054838|emb|AJ243944.1|	89.19	74	8	0	2058	2131	3	76	8e-13	93.5
Oe6_s00628	gi|12054838|emb|AJ243944.1|	89.19	74	8	0	3016	3089	3	76	8e-13	93.5
Oe6_s00628	gi|12054838|emb|AJ243944.1|	89.19	74	8	0	3815	3888	3	76	8e-13	93.5
Oe6_s00628	gi|12054838|emb|AJ243944.1|	89.19	74	8	0	6429	6502	3	76	8e-13	93.5
Oe6_s00628	gi|12054838|emb|AJ243944.1|	89.19	74	8	0	7632	7705	3	76	8e-13	93.5
Oe6_s00628	gi|12054838|emb|AJ243944.1|	89.19	74	8	0	24679	24752	3	76	8e-13	93.5
Oe6_s00628	gi|12054838|emb|AJ243944.1|	89.19	74	8	0	59886	59959	3	76	8e-13	93.5
Oe6_s00628	gi|12054838|emb|AJ243944.1|	89.19	74	8	0	62594	62667	3	76	8e-13	93.5
Oe6_s00628	gi|12054838|emb|AJ243944.1|	94.92	59	3	0	19912	19970	3	61	8e-13	93.5
Oe6_s00628	gi|12054838|emb|AJ243944.1|	89.19	74	7	1	50432	50504	3	76	3e-12	91.6
Oe6_s00628	gi|12054838|emb|AJ243944.1|	88.00	75	9	0	1202	1276	3	77	1e-11	89.8
Oe6_s00628	gi|12054838|emb|AJ243944.1|	88.00	75	9	0	43620	43694	3	77	1e-11	89.8
Oe6_s00628	gi|12054838|emb|AJ243944.1|	88.89	72	8	0	18795	18866	5	76	1e-11	89.8
Oe6_s00628	gi|12054838|emb|AJ243944.1|	87.01	77	10	0	45138	45214	3	79	4e-11	87.9
Oe6_s00628	gi|12054838|emb|AJ243944.1|	87.84	74	9	0	6029	6102	3	76	4e-11	87.9
Oe6_s00628	gi|12054838|emb|AJ243944.1|	87.84	74	9	0	6829	6902	3	76	4e-11	87.9
Oe6_s00628	gi|12054838|emb|AJ243944.1|	87.84	74	9	0	11687	11760	3	76	4e-11	87.9
Oe6_s00628	gi|12054838|emb|AJ243944.1|	87.84	74	9	0	17862	17935	3	76	4e-11	87.9
Oe6_s00628	gi|12054838|emb|AJ243944.1|	87.84	74	9	0	20951	21024	3	76	4e-11	87.9
Oe6_s00628	gi|12054838|emb|AJ243944.1|	87.84	74	9	0	66108	66181	3	76	4e-11	87.9
Oe6_s00628	gi|12054838|emb|AJ243944.1|	86.84	76	10	0	8444	8519	1	76	1e-10	86.1
Oe6_s00628	gi|12054838|emb|AJ243944.1|	87.84	74	8	1	31998	32070	3	76	1e-10	86.1
Oe6_s00628	gi|12054838|emb|AJ243944.1|	87.84	74	7	2	36301	36372	3	76	1e-10	86.1
Oe6_s00628	gi|12054838|emb|AJ243944.1|	87.84	74	8	1	61323	61395	3	76	1e-10	86.1
Oe6_s00628	gi|12054838|emb|AJ243944.1|	86.49	74	10	0	35822	35895	3	76	2e-09	82.4
Oe6_s00628	gi|12054838|emb|AJ243944.1|	96.00	50	2	0	53717	53766	3	52	2e-09	82.4
Oe6_s00628	gi|12054838|emb|AJ243944.1|	86.49	74	10	0	66189	66262	4	77	2e-09	82.4
Oe6_s00628	gi|12054838|emb|AJ243944.1|	86.49	74	10	0	71064	71137	4	77	2e-09	82.4
Oe6_s00628	gi|12054838|emb|AJ243944.1|	86.67	75	7	2	2697	2769	3	76	6e-09	80.5
Oe6_s00628	gi|12054838|emb|AJ243944.1|	84.42	77	11	1	61243	61319	3	78	3e-07	75.0
Oe6_s00628	gi|12054838|emb|AJ243944.1|	90.38	52	5	0	63792	63843	4	55	1e-05	69.4
Oe6_s00628	gi|12054838|emb|AJ243944.1|	97.22	36	1	0	17942	17977	3	38	0.002	62.1
Oe6_s00628	gi|12054838|emb|AJ243944.1|	97.22	36	1	0	21031	21066	3	38	0.002	62.1
