Oe6_s10739	gi|772935273|gb|CP009477.1|	92.00	50	3	1	3323	3371	3120628	3120677	1e-06	69.4
Oe6_s10739	gi|772935273|gb|CP009477.1|	100.00	33	0	0	3339	3371	3120638	3120670	2e-04	62.1
Oe6_s10739	gi|772935273|gb|CP009477.1|	94.74	38	2	0	3332	3369	3120645	3120682	7e-04	60.2
Oe6_s10739	gi|772935273|gb|CP009477.1|	100.00	30	0	0	3342	3371	3120634	3120663	0.009	56.5
Oe6_s10739	gi|1186368552|gb|CP018397.1|	95.24	42	2	0	3330	3371	468903	468944	4e-06	67.6
Oe6_s10739	gi|1186368552|gb|CP018397.1|	90.00	50	4	1	3323	3371	468902	468951	5e-05	63.9
Oe6_s10739	gi|1186368552|gb|CP018397.1|	95.00	40	2	0	3332	3371	571610	571649	5e-05	63.9
Oe6_s10739	gi|1186368552|gb|CP018397.1|	95.00	40	2	0	3332	3371	571617	571656	5e-05	63.9
Oe6_s10739	gi|1186368552|gb|CP018397.1|	95.00	40	2	0	3332	3371	571624	571663	5e-05	63.9
Oe6_s10739	gi|1186368552|gb|CP018397.1|	95.00	40	2	0	3332	3371	571631	571670	5e-05	63.9
Oe6_s10739	gi|1186368552|gb|CP018397.1|	95.00	40	2	0	3332	3371	571638	571677	5e-05	63.9
Oe6_s10739	gi|1186368552|gb|CP018397.1|	95.00	40	2	0	3332	3371	571645	571684	5e-05	63.9
Oe6_s10739	gi|1186368552|gb|CP018397.1|	95.00	40	2	0	3332	3371	571652	571691	5e-05	63.9
Oe6_s10739	gi|1186368552|gb|CP018397.1|	95.00	40	2	0	3332	3371	571659	571698	5e-05	63.9
Oe6_s10739	gi|1186368552|gb|CP018397.1|	100.00	33	0	0	3339	3371	468905	468937	2e-04	62.1
Oe6_s10739	gi|1186368552|gb|CP018397.1|	100.00	33	0	0	3339	3371	571610	571642	2e-04	62.1
Oe6_s10739	gi|1186368552|gb|CP018397.1|	94.74	38	2	0	3332	3369	468919	468956	7e-04	60.2
Oe6_s10739	gi|1186368552|gb|CP018397.1|	94.74	38	2	0	3332	3369	571666	571703	7e-04	60.2
Oe6_s10739	gi|1186368552|gb|CP018397.1|	100.00	29	0	0	3343	3371	571607	571635	0.033	54.7
Oe6_s10739	gi|1186347681|gb|CP018390.1|	95.24	42	2	0	3330	3371	3007413	3007454	4e-06	67.6
Oe6_s10739	gi|1186347681|gb|CP018390.1|	90.00	50	4	1	3323	3371	3007412	3007461	5e-05	63.9
Oe6_s10739	gi|1186347681|gb|CP018390.1|	95.00	40	2	0	3332	3371	3007429	3007468	5e-05	63.9
Oe6_s10739	gi|1186347681|gb|CP018390.1|	95.00	40	2	0	3332	3371	3097296	3097335	5e-05	63.9
Oe6_s10739	gi|1186347681|gb|CP018390.1|	95.00	40	2	0	3332	3371	3097303	3097342	5e-05	63.9
Oe6_s10739	gi|1186347681|gb|CP018390.1|	95.00	40	2	0	3332	3371	3097310	3097349	5e-05	63.9
Oe6_s10739	gi|1186347681|gb|CP018390.1|	100.00	33	0	0	3339	3371	3007415	3007447	2e-04	62.1
Oe6_s10739	gi|1186347681|gb|CP018390.1|	100.00	33	0	0	3339	3371	3097296	3097328	2e-04	62.1
Oe6_s10739	gi|1186347681|gb|CP018390.1|	94.74	38	2	0	3332	3369	3007436	3007473	7e-04	60.2
Oe6_s10739	gi|1186347681|gb|CP018390.1|	94.74	38	2	0	3332	3369	3097317	3097354	7e-04	60.2
Oe6_s10739	gi|1186347681|gb|CP018390.1|	100.00	29	0	0	3343	3371	3097293	3097321	0.033	54.7
Oe6_s10739	gi|1239943639|ref|XM_844754.5|	95.12	41	2	0	667	707	239	279	2e-05	65.8
Oe6_s10739	gi|673524873|emb|HG529499.1|	95.12	41	2	0	3332	3372	50463	50423	2e-05	65.8
Oe6_s10739	gi|673524873|emb|HG529499.1|	100.00	35	0	0	3337	3371	50465	50431	2e-05	65.8
Oe6_s10739	gi|117652376|gb|EF013576.1|	87.72	57	5	2	3314	3369	251	306	2e-05	65.8
Oe6_s10739	gi|117652376|gb|EF013576.1|	100.00	33	0	0	3339	3371	269	301	2e-04	62.1
Oe6_s10739	gi|117652376|gb|EF013576.1|	100.00	30	0	0	3342	3371	265	294	0.009	56.5
Oe6_s10739	gi|1209600869|dbj|AP018154.1|	95.00	40	2	0	3332	3371	12199910	12199871	5e-05	63.9
Oe6_s10739	gi|1209600869|dbj|AP018154.1|	95.00	40	2	0	3332	3371	12199917	12199878	5e-05	63.9
Oe6_s10739	gi|1209600869|dbj|AP018154.1|	95.12	41	1	1	3332	3371	12199925	12199885	5e-05	63.9
Oe6_s10739	gi|1209600869|dbj|AP018154.1|	95.12	41	1	1	3332	3371	12218661	12218701	5e-05	63.9
Oe6_s10739	gi|1209600869|dbj|AP018154.1|	95.00	40	2	0	3332	3371	12218669	12218708	5e-05	63.9
Oe6_s10739	gi|1209600869|dbj|AP018154.1|	95.00	40	2	0	3332	3371	12218676	12218715	5e-05	63.9
Oe6_s10739	gi|1209600869|dbj|AP018154.1|	97.06	34	0	1	3339	3371	12199925	12199892	0.009	56.5
Oe6_s10739	gi|1209600869|dbj|AP018154.1|	97.06	34	0	1	3339	3371	12218661	12218694	0.009	56.5
Oe6_s10739	gi|1209600869|dbj|AP018154.1|	94.29	35	2	0	3332	3366	12199903	12199869	0.033	54.7
Oe6_s10739	gi|1209600869|dbj|AP018154.1|	94.29	35	2	0	3332	3366	12218683	12218717	0.033	54.7
Oe6_s10739	gi|1186432422|gb|CP018415.1|	95.00	40	2	0	3332	3371	461210	461249	5e-05	63.9
Oe6_s10739	gi|1186432422|gb|CP018415.1|	95.00	40	2	0	3332	3371	461217	461256	5e-05	63.9
Oe6_s10739	gi|1186432422|gb|CP018415.1|	95.00	40	2	0	3332	3371	461224	461263	5e-05	63.9
Oe6_s10739	gi|1186432422|gb|CP018415.1|	100.00	33	0	0	3339	3371	461210	461242	2e-04	62.1
Oe6_s10739	gi|1186432422|gb|CP018415.1|	94.74	38	2	0	3332	3369	461231	461268	7e-04	60.2
Oe6_s10739	gi|1186432422|gb|CP018415.1|	100.00	29	0	0	3343	3371	461207	461235	0.033	54.7
Oe6_s10739	gi|1186421493|gb|CP018412.1|	95.00	40	2	0	3332	3371	2651947	2651908	5e-05	63.9
Oe6_s10739	gi|1186421493|gb|CP018412.1|	95.00	40	2	0	3332	3371	2651954	2651915	5e-05	63.9
Oe6_s10739	gi|1186421493|gb|CP018412.1|	95.00	40	2	0	3332	3371	2651961	2651922	5e-05	63.9
Oe6_s10739	gi|1186421493|gb|CP018412.1|	95.00	40	2	0	3332	3371	2651968	2651929	5e-05	63.9
Oe6_s10739	gi|1186421493|gb|CP018412.1|	95.00	40	2	0	3332	3371	2651975	2651936	5e-05	63.9
Oe6_s10739	gi|1186421493|gb|CP018412.1|	95.00	40	2	0	3332	3371	2651982	2651943	5e-05	63.9
Oe6_s10739	gi|1186421493|gb|CP018412.1|	95.00	40	2	0	3332	3371	2651989	2651950	5e-05	63.9
Oe6_s10739	gi|1186421493|gb|CP018412.1|	95.00	40	2	0	3332	3371	2651996	2651957	5e-05	63.9
Oe6_s10739	gi|1186421493|gb|CP018412.1|	100.00	33	0	0	3339	3371	2651996	2651964	2e-04	62.1
Oe6_s10739	gi|1186421493|gb|CP018412.1|	94.74	38	2	0	3332	3369	2651940	2651903	7e-04	60.2
Oe6_s10739	gi|1186421493|gb|CP018412.1|	100.00	29	0	0	3343	3371	2651999	2651971	0.033	54.7
Oe6_s10739	gi|1186418355|gb|CP018411.1|	95.00	40	2	0	3332	3371	807436	807397	5e-05	63.9
Oe6_s10739	gi|1186418355|gb|CP018411.1|	95.00	40	2	0	3332	3371	807443	807404	5e-05	63.9
Oe6_s10739	gi|1186418355|gb|CP018411.1|	95.00	40	2	0	3332	3371	807450	807411	5e-05	63.9
Oe6_s10739	gi|1186418355|gb|CP018411.1|	95.00	40	2	0	3332	3371	807457	807418	5e-05	63.9
Oe6_s10739	gi|1186418355|gb|CP018411.1|	95.00	40	2	0	3332	3371	807464	807425	5e-05	63.9
Oe6_s10739	gi|1186418355|gb|CP018411.1|	95.00	40	2	0	3332	3371	807471	807432	5e-05	63.9
Oe6_s10739	gi|1186418355|gb|CP018411.1|	95.00	40	2	0	3332	3371	807478	807439	5e-05	63.9
Oe6_s10739	gi|1186418355|gb|CP018411.1|	95.00	40	2	0	3332	3371	807485	807446	5e-05	63.9
Oe6_s10739	gi|1186418355|gb|CP018411.1|	100.00	33	0	0	3339	3371	807485	807453	2e-04	62.1
Oe6_s10739	gi|1186418355|gb|CP018411.1|	94.74	38	2	0	3332	3369	807429	807392	7e-04	60.2
Oe6_s10739	gi|1186418355|gb|CP018411.1|	100.00	29	0	0	3343	3371	807488	807460	0.033	54.7
Oe6_s10739	gi|1186391807|gb|CP018404.1|	95.00	40	2	0	3332	3371	3246878	3246917	5e-05	63.9
Oe6_s10739	gi|1186391807|gb|CP018404.1|	95.00	40	2	0	3332	3371	3246885	3246924	5e-05	63.9
Oe6_s10739	gi|1186391807|gb|CP018404.1|	95.00	40	2	0	3332	3371	3246892	3246931	5e-05	63.9
Oe6_s10739	gi|1186391807|gb|CP018404.1|	100.00	33	0	0	3339	3371	3246878	3246910	2e-04	62.1
Oe6_s10739	gi|1186391807|gb|CP018404.1|	94.74	38	2	0	3332	3369	3246899	3246936	7e-04	60.2
Oe6_s10739	gi|1186391807|gb|CP018404.1|	100.00	29	0	0	3343	3371	3246875	3246903	0.033	54.7
Oe6_s10739	gi|1186384938|gb|CP018402.1|	95.00	40	2	0	3332	3371	1578846	1578807	5e-05	63.9
Oe6_s10739	gi|1186384938|gb|CP018402.1|	95.00	40	2	0	3332	3371	1578853	1578814	5e-05	63.9
Oe6_s10739	gi|1186384938|gb|CP018402.1|	95.00	40	2	0	3332	3371	1578860	1578821	5e-05	63.9
Oe6_s10739	gi|1186384938|gb|CP018402.1|	100.00	33	0	0	3339	3371	1578860	1578828	2e-04	62.1
Oe6_s10739	gi|1186384938|gb|CP018402.1|	94.74	38	2	0	3332	3369	1578839	1578802	7e-04	60.2
Oe6_s10739	gi|1186384938|gb|CP018402.1|	100.00	29	0	0	3343	3371	1578863	1578835	0.033	54.7
Oe6_s10739	gi|1186371431|gb|CP018398.1|	95.00	40	2	0	3332	3371	1423150	1423189	5e-05	63.9
Oe6_s10739	gi|1186371431|gb|CP018398.1|	95.00	40	2	0	3332	3371	1423157	1423196	5e-05	63.9
Oe6_s10739	gi|1186371431|gb|CP018398.1|	95.00	40	2	0	3332	3371	1423164	1423203	5e-05	63.9
Oe6_s10739	gi|1186371431|gb|CP018398.1|	95.00	40	2	0	3332	3371	1423171	1423210	5e-05	63.9
Oe6_s10739	gi|1186371431|gb|CP018398.1|	95.00	40	2	0	3332	3371	1423178	1423217	5e-05	63.9
Oe6_s10739	gi|1186371431|gb|CP018398.1|	100.00	33	0	0	3339	3371	1423150	1423182	2e-04	62.1
Oe6_s10739	gi|1186371431|gb|CP018398.1|	94.74	38	2	0	3332	3369	1423185	1423222	7e-04	60.2
Oe6_s10739	gi|1186371431|gb|CP018398.1|	100.00	29	0	0	3343	3371	1423147	1423175	0.033	54.7
Oe6_s10739	gi|1186354661|gb|CP018392.1|	95.00	40	2	0	3332	3371	3076648	3076687	5e-05	63.9
Oe6_s10739	gi|1186354661|gb|CP018392.1|	95.00	40	2	0	3332	3371	3076655	3076694	5e-05	63.9
Oe6_s10739	gi|1186354661|gb|CP018392.1|	95.00	40	2	0	3332	3371	3076662	3076701	5e-05	63.9
Oe6_s10739	gi|1186354661|gb|CP018392.1|	95.00	40	2	0	3332	3371	3076669	3076708	5e-05	63.9
Oe6_s10739	gi|1186354661|gb|CP018392.1|	95.00	40	2	0	3332	3371	3076676	3076715	5e-05	63.9
Oe6_s10739	gi|1186354661|gb|CP018392.1|	95.00	40	2	0	3332	3371	3076683	3076722	5e-05	63.9
Oe6_s10739	gi|1186354661|gb|CP018392.1|	95.00	40	2	0	3332	3371	3076690	3076729	5e-05	63.9
Oe6_s10739	gi|1186354661|gb|CP018392.1|	95.00	40	2	0	3332	3371	3076697	3076736	5e-05	63.9
Oe6_s10739	gi|1186354661|gb|CP018392.1|	95.00	40	2	0	3332	3371	3076704	3076743	5e-05	63.9
Oe6_s10739	gi|1186354661|gb|CP018392.1|	100.00	33	0	0	3339	3371	3076648	3076680	2e-04	62.1
Oe6_s10739	gi|1186354661|gb|CP018392.1|	94.74	38	2	0	3332	3369	3076711	3076748	7e-04	60.2
Oe6_s10739	gi|1186354661|gb|CP018392.1|	100.00	31	0	0	3339	3369	2989614	2989644	0.003	58.4
Oe6_s10739	gi|1186354661|gb|CP018392.1|	100.00	29	0	0	3343	3371	3076645	3076673	0.033	54.7
Oe6_s10739	gi|1186334115|gb|CP018386.1|	95.00	40	2	0	3332	3371	2238718	2238757	5e-05	63.9
Oe6_s10739	gi|1186334115|gb|CP018386.1|	95.00	40	2	0	3332	3371	2238725	2238764	5e-05	63.9
Oe6_s10739	gi|1186334115|gb|CP018386.1|	100.00	33	0	0	3339	3371	2238718	2238750	2e-04	62.1
Oe6_s10739	gi|1186334115|gb|CP018386.1|	94.74	38	2	0	3332	3369	2238732	2238769	7e-04	60.2
Oe6_s10739	gi|1186334115|gb|CP018386.1|	100.00	29	0	0	3343	3371	2238715	2238743	0.033	54.7
Oe6_s10739	gi|1186323026|gb|CP018382.1|	95.00	40	2	0	3332	3371	685874	685913	5e-05	63.9
Oe6_s10739	gi|1186323026|gb|CP018382.1|	100.00	33	0	0	3339	3371	685874	685906	2e-04	62.1
Oe6_s10739	gi|1186323026|gb|CP018382.1|	94.74	38	2	0	3332	3369	685881	685918	7e-04	60.2
Oe6_s10739	gi|1186323026|gb|CP018382.1|	100.00	29	0	0	3343	3371	685871	685899	0.033	54.7
Oe6_s10739	gi|1186319204|gb|CP018381.1|	95.00	40	2	0	3332	3371	2031226	2031187	5e-05	63.9
Oe6_s10739	gi|1186319204|gb|CP018381.1|	95.00	40	2	0	3332	3371	2031233	2031194	5e-05	63.9
Oe6_s10739	gi|1186319204|gb|CP018381.1|	95.00	40	2	0	3332	3371	2031240	2031201	5e-05	63.9
Oe6_s10739	gi|1186319204|gb|CP018381.1|	100.00	33	0	0	3339	3371	2031240	2031208	2e-04	62.1
Oe6_s10739	gi|1186319204|gb|CP018381.1|	94.74	38	2	0	3332	3369	2031219	2031182	7e-04	60.2
Oe6_s10739	gi|1186319204|gb|CP018381.1|	100.00	29	0	0	3343	3371	2031243	2031215	0.033	54.7
Oe6_s10739	gi|1186312347|gb|CP018419.1|	95.00	40	2	0	3332	3371	909745	909706	5e-05	63.9
Oe6_s10739	gi|1186312347|gb|CP018419.1|	95.00	40	2	0	3332	3371	909752	909713	5e-05	63.9
Oe6_s10739	gi|1186312347|gb|CP018419.1|	95.00	40	2	0	3332	3371	909759	909720	5e-05	63.9
Oe6_s10739	gi|1186312347|gb|CP018419.1|	95.00	40	2	0	3332	3371	909766	909727	5e-05	63.9
Oe6_s10739	gi|1186312347|gb|CP018419.1|	95.00	40	2	0	3332	3371	909773	909734	5e-05	63.9
Oe6_s10739	gi|1186312347|gb|CP018419.1|	100.00	33	0	0	3339	3371	909773	909741	2e-04	62.1
Oe6_s10739	gi|1186312347|gb|CP018419.1|	94.74	38	2	0	3332	3369	909738	909701	7e-04	60.2
Oe6_s10739	gi|1186312347|gb|CP018419.1|	100.00	29	0	0	3343	3371	909776	909748	0.033	54.7
Oe6_s10739	gi|1186300952|gb|CP018375.1|	95.00	40	2	0	3332	3371	1840668	1840707	5e-05	63.9
Oe6_s10739	gi|1186300952|gb|CP018375.1|	95.00	40	2	0	3332	3371	1840675	1840714	5e-05	63.9
Oe6_s10739	gi|1186300952|gb|CP018375.1|	95.00	40	2	0	3332	3371	1840682	1840721	5e-05	63.9
Oe6_s10739	gi|1186300952|gb|CP018375.1|	95.00	40	2	0	3332	3371	1840689	1840728	5e-05	63.9
Oe6_s10739	gi|1186300952|gb|CP018375.1|	95.00	40	2	0	3332	3371	1840696	1840735	5e-05	63.9
Oe6_s10739	gi|1186300952|gb|CP018375.1|	100.00	33	0	0	3339	3371	1840668	1840700	2e-04	62.1
Oe6_s10739	gi|1186300952|gb|CP018375.1|	94.74	38	2	0	3332	3369	1840703	1840740	7e-04	60.2
Oe6_s10739	gi|1186300952|gb|CP018375.1|	100.00	29	0	0	3343	3371	1840665	1840693	0.033	54.7
Oe6_s10739	gi|1186297939|gb|CP018374.1|	95.00	40	2	0	3332	3371	1528610	1528649	5e-05	63.9
Oe6_s10739	gi|1186297939|gb|CP018374.1|	95.00	40	2	0	3332	3371	1528617	1528656	5e-05	63.9
Oe6_s10739	gi|1186297939|gb|CP018374.1|	95.00	40	2	0	3332	3371	1528624	1528663	5e-05	63.9
Oe6_s10739	gi|1186297939|gb|CP018374.1|	95.00	40	2	0	3332	3371	1528631	1528670	5e-05	63.9
Oe6_s10739	gi|1186297939|gb|CP018374.1|	95.00	40	2	0	3332	3371	1528638	1528677	5e-05	63.9
Oe6_s10739	gi|1186297939|gb|CP018374.1|	95.00	40	2	0	3332	3371	1528645	1528684	5e-05	63.9
Oe6_s10739	gi|1186297939|gb|CP018374.1|	95.00	40	2	0	3332	3371	1528652	1528691	5e-05	63.9
Oe6_s10739	gi|1186297939|gb|CP018374.1|	95.00	40	2	0	3332	3371	1528659	1528698	5e-05	63.9
Oe6_s10739	gi|1186297939|gb|CP018374.1|	95.00	40	2	0	3332	3371	1528666	1528705	5e-05	63.9
Oe6_s10739	gi|1186297939|gb|CP018374.1|	100.00	33	0	0	3339	3371	1528610	1528642	2e-04	62.1
Oe6_s10739	gi|1186297939|gb|CP018374.1|	94.74	38	2	0	3332	3369	1528673	1528710	7e-04	60.2
Oe6_s10739	gi|1186297939|gb|CP018374.1|	100.00	29	0	0	3343	3371	1528607	1528635	0.033	54.7
Oe6_s10739	gi|1186287244|gb|CP018371.1|	95.00	40	2	0	3332	3371	1012141	1012102	5e-05	63.9
Oe6_s10739	gi|1186287244|gb|CP018371.1|	95.00	40	2	0	3332	3371	1012148	1012109	5e-05	63.9
Oe6_s10739	gi|1186287244|gb|CP018371.1|	95.00	40	2	0	3332	3371	1012155	1012116	5e-05	63.9
Oe6_s10739	gi|1186287244|gb|CP018371.1|	95.00	40	2	0	3332	3371	1012162	1012123	5e-05	63.9
Oe6_s10739	gi|1186287244|gb|CP018371.1|	95.00	40	2	0	3332	3371	1012169	1012130	5e-05	63.9
Oe6_s10739	gi|1186287244|gb|CP018371.1|	100.00	33	0	0	3339	3371	1012169	1012137	2e-04	62.1
Oe6_s10739	gi|1186287244|gb|CP018371.1|	94.74	38	2	0	3332	3369	1012134	1012097	7e-04	60.2
Oe6_s10739	gi|1186287244|gb|CP018371.1|	100.00	29	0	0	3343	3371	1012172	1012144	0.033	54.7
Oe6_s10739	gi|1186284301|gb|CP018370.1|	95.00	40	2	0	3332	3371	52020	52059	5e-05	63.9
Oe6_s10739	gi|1186284301|gb|CP018370.1|	95.00	40	2	0	3332	3371	52027	52066	5e-05	63.9
Oe6_s10739	gi|1186284301|gb|CP018370.1|	95.00	40	2	0	3332	3371	52034	52073	5e-05	63.9
Oe6_s10739	gi|1186284301|gb|CP018370.1|	95.00	40	2	0	3332	3371	52041	52080	5e-05	63.9
Oe6_s10739	gi|1186284301|gb|CP018370.1|	95.00	40	2	0	3332	3371	52048	52087	5e-05	63.9
Oe6_s10739	gi|1186284301|gb|CP018370.1|	95.00	40	2	0	3332	3371	52055	52094	5e-05	63.9
Oe6_s10739	gi|1186284301|gb|CP018370.1|	95.00	40	2	0	3332	3371	52062	52101	5e-05	63.9
Oe6_s10739	gi|1186284301|gb|CP018370.1|	100.00	33	0	0	3339	3371	52020	52052	2e-04	62.1
Oe6_s10739	gi|1186284301|gb|CP018370.1|	94.74	38	2	0	3332	3369	52069	52106	7e-04	60.2
Oe6_s10739	gi|1186284301|gb|CP018370.1|	100.00	29	0	0	3343	3371	52017	52045	0.033	54.7
Oe6_s10739	gi|1186273613|gb|CP018367.1|	95.00	40	2	0	3332	3371	880134	880173	5e-05	63.9
Oe6_s10739	gi|1186273613|gb|CP018367.1|	95.00	40	2	0	3332	3371	880141	880180	5e-05	63.9
Oe6_s10739	gi|1186273613|gb|CP018367.1|	100.00	33	0	0	3339	3371	880134	880166	2e-04	62.1
Oe6_s10739	gi|1186273613|gb|CP018367.1|	94.74	38	2	0	3332	3369	880148	880185	7e-04	60.2
Oe6_s10739	gi|1186273613|gb|CP018367.1|	100.00	31	0	0	3339	3369	793162	793192	0.003	58.4
Oe6_s10739	gi|1186273613|gb|CP018367.1|	100.00	29	0	0	3343	3371	880131	880159	0.033	54.7
Oe6_s10739	gi|1186270958|gb|CP018417.1|	95.00	40	2	0	3332	3371	1659569	1659530	5e-05	63.9
Oe6_s10739	gi|1186270958|gb|CP018417.1|	95.00	40	2	0	3332	3371	1659576	1659537	5e-05	63.9
Oe6_s10739	gi|1186270958|gb|CP018417.1|	100.00	33	0	0	3339	3371	1659576	1659544	2e-04	62.1
Oe6_s10739	gi|1186270958|gb|CP018417.1|	94.74	38	2	0	3332	3369	1659562	1659525	7e-04	60.2
Oe6_s10739	gi|1186270958|gb|CP018417.1|	100.00	29	0	0	3343	3371	1659579	1659551	0.033	54.7
Oe6_s10739	gi|1150132070|ref|XM_020350679.1|	97.30	37	1	0	3339	3375	228	192	5e-05	63.9
Oe6_s10739	gi|1150132070|ref|XM_020350679.1|	100.00	28	0	0	3344	3371	230	203	0.12	52.8
Oe6_s10739	gi|1109357258|gb|CP016912.1|	95.00	40	2	0	3332	3371	3049132	3049171	5e-05	63.9
Oe6_s10739	gi|1109357258|gb|CP016912.1|	95.00	40	2	0	3332	3371	3049139	3049178	5e-05	63.9
Oe6_s10739	gi|1109357258|gb|CP016912.1|	95.00	40	2	0	3332	3371	3049146	3049185	5e-05	63.9
Oe6_s10739	gi|1109357258|gb|CP016912.1|	95.00	40	2	0	3332	3371	3049153	3049192	5e-05	63.9
Oe6_s10739	gi|1109357258|gb|CP016912.1|	95.00	40	2	0	3332	3371	3049160	3049199	5e-05	63.9
Oe6_s10739	gi|1109357258|gb|CP016912.1|	95.00	40	2	0	3332	3371	3049167	3049206	5e-05	63.9
Oe6_s10739	gi|1109357258|gb|CP016912.1|	95.00	40	2	0	3332	3371	3049174	3049213	5e-05	63.9
Oe6_s10739	gi|1109357258|gb|CP016912.1|	95.00	40	2	0	3332	3371	3049181	3049220	5e-05	63.9
Oe6_s10739	gi|1109357258|gb|CP016912.1|	95.00	40	2	0	3332	3371	3049188	3049227	5e-05	63.9
Oe6_s10739	gi|1109357258|gb|CP016912.1|	100.00	33	0	0	3339	3371	3049132	3049164	2e-04	62.1
Oe6_s10739	gi|1109357258|gb|CP016912.1|	94.74	38	2	0	3332	3369	3049195	3049232	7e-04	60.2
Oe6_s10739	gi|1109357258|gb|CP016912.1|	100.00	29	0	0	3343	3371	3049129	3049157	0.033	54.7
Oe6_s10739	gi|1109351210|gb|CP016910.1|	95.00	40	2	0	3332	3371	3049150	3049189	5e-05	63.9
Oe6_s10739	gi|1109351210|gb|CP016910.1|	95.00	40	2	0	3332	3371	3049157	3049196	5e-05	63.9
Oe6_s10739	gi|1109351210|gb|CP016910.1|	95.00	40	2	0	3332	3371	3049164	3049203	5e-05	63.9
Oe6_s10739	gi|1109351210|gb|CP016910.1|	95.00	40	2	0	3332	3371	3049171	3049210	5e-05	63.9
Oe6_s10739	gi|1109351210|gb|CP016910.1|	95.00	40	2	0	3332	3371	3049178	3049217	5e-05	63.9
Oe6_s10739	gi|1109351210|gb|CP016910.1|	95.00	40	2	0	3332	3371	3049185	3049224	5e-05	63.9
Oe6_s10739	gi|1109351210|gb|CP016910.1|	95.00	40	2	0	3332	3371	3049192	3049231	5e-05	63.9
Oe6_s10739	gi|1109351210|gb|CP016910.1|	95.00	40	2	0	3332	3371	3049199	3049238	5e-05	63.9
Oe6_s10739	gi|1109351210|gb|CP016910.1|	95.00	40	2	0	3332	3371	3049206	3049245	5e-05	63.9
Oe6_s10739	gi|1109351210|gb|CP016910.1|	100.00	33	0	0	3339	3371	3049150	3049182	2e-04	62.1
Oe6_s10739	gi|1109351210|gb|CP016910.1|	94.74	38	2	0	3332	3369	3049213	3049250	7e-04	60.2
Oe6_s10739	gi|1109351210|gb|CP016910.1|	100.00	29	0	0	3343	3371	3049147	3049175	0.033	54.7
Oe6_s10739	gi|1104538038|gb|CP018055.1|	95.00	40	2	0	3332	3371	2465436	2465397	5e-05	63.9
Oe6_s10739	gi|1104538038|gb|CP018055.1|	95.00	40	2	0	3332	3371	2465443	2465404	5e-05	63.9
Oe6_s10739	gi|1104538038|gb|CP018055.1|	95.00	40	2	0	3332	3371	2465450	2465411	5e-05	63.9
Oe6_s10739	gi|1104538038|gb|CP018055.1|	95.00	40	2	0	3332	3371	2465457	2465418	5e-05	63.9
Oe6_s10739	gi|1104538038|gb|CP018055.1|	95.00	40	2	0	3332	3371	2465464	2465425	5e-05	63.9
Oe6_s10739	gi|1104538038|gb|CP018055.1|	100.00	33	0	0	3339	3371	2465464	2465432	2e-04	62.1
Oe6_s10739	gi|1104538038|gb|CP018055.1|	94.74	38	2	0	3332	3369	2465429	2465392	7e-04	60.2
Oe6_s10739	gi|1104538038|gb|CP018055.1|	100.00	29	0	0	3343	3371	2465467	2465439	0.033	54.7
Oe6_s10739	gi|1047826438|gb|CP016637.1|	95.00	40	2	0	3332	3371	961176	961137	5e-05	63.9
Oe6_s10739	gi|1047826438|gb|CP016637.1|	95.00	40	2	0	3332	3371	961183	961144	5e-05	63.9
Oe6_s10739	gi|1047826438|gb|CP016637.1|	95.00	40	2	0	3332	3371	961190	961151	5e-05	63.9
Oe6_s10739	gi|1047826438|gb|CP016637.1|	95.00	40	2	0	3332	3371	961197	961158	5e-05	63.9
Oe6_s10739	gi|1047826438|gb|CP016637.1|	95.00	40	2	0	3332	3371	961204	961165	5e-05	63.9
Oe6_s10739	gi|1047826438|gb|CP016637.1|	100.00	33	0	0	3339	3371	961204	961172	2e-04	62.1
Oe6_s10739	gi|1047826438|gb|CP016637.1|	94.74	38	2	0	3332	3369	961169	961132	7e-04	60.2
Oe6_s10739	gi|1047826438|gb|CP016637.1|	100.00	29	0	0	3343	3371	961207	961179	0.033	54.7
Oe6_s10739	gi|1047820450|gb|CP016639.1|	95.00	40	2	0	3332	3371	961833	961794	5e-05	63.9
Oe6_s10739	gi|1047820450|gb|CP016639.1|	95.00	40	2	0	3332	3371	961840	961801	5e-05	63.9
Oe6_s10739	gi|1047820450|gb|CP016639.1|	95.00	40	2	0	3332	3371	961847	961808	5e-05	63.9
Oe6_s10739	gi|1047820450|gb|CP016639.1|	95.00	40	2	0	3332	3371	961854	961815	5e-05	63.9
Oe6_s10739	gi|1047820450|gb|CP016639.1|	95.00	40	2	0	3332	3371	961861	961822	5e-05	63.9
Oe6_s10739	gi|1047820450|gb|CP016639.1|	100.00	33	0	0	3339	3371	961861	961829	2e-04	62.1
Oe6_s10739	gi|1047820450|gb|CP016639.1|	94.74	38	2	0	3332	3369	961826	961789	7e-04	60.2
Oe6_s10739	gi|1047820450|gb|CP016639.1|	100.00	29	0	0	3343	3371	961864	961836	0.033	54.7
Oe6_s10739	gi|924575799|gb|CP012577.1|	95.00	40	2	0	3332	3371	1000577	1000538	5e-05	63.9
Oe6_s10739	gi|924575799|gb|CP012577.1|	95.00	40	2	0	3332	3371	1000584	1000545	5e-05	63.9
Oe6_s10739	gi|924575799|gb|CP012577.1|	95.00	40	2	0	3332	3371	1000591	1000552	5e-05	63.9
Oe6_s10739	gi|924575799|gb|CP012577.1|	100.00	33	0	0	3339	3371	1000591	1000559	2e-04	62.1
Oe6_s10739	gi|924575799|gb|CP012577.1|	94.74	38	2	0	3332	3369	1000570	1000533	7e-04	60.2
Oe6_s10739	gi|924575799|gb|CP012577.1|	100.00	29	0	0	3343	3371	1000594	1000566	0.033	54.7
Oe6_s10739	gi|924481461|gb|CP012518.1|	95.00	40	2	0	3332	3371	3033829	3033868	5e-05	63.9
Oe6_s10739	gi|924481461|gb|CP012518.1|	95.00	40	2	0	3332	3371	3033836	3033875	5e-05	63.9
Oe6_s10739	gi|924481461|gb|CP012518.1|	95.00	40	2	0	3332	3371	3033843	3033882	5e-05	63.9
Oe6_s10739	gi|924481461|gb|CP012518.1|	95.00	40	2	0	3332	3371	3033850	3033889	5e-05	63.9
Oe6_s10739	gi|924481461|gb|CP012518.1|	95.00	40	2	0	3332	3371	3033857	3033896	5e-05	63.9
Oe6_s10739	gi|924481461|gb|CP012518.1|	95.00	40	2	0	3332	3371	3033864	3033903	5e-05	63.9
Oe6_s10739	gi|924481461|gb|CP012518.1|	95.00	40	2	0	3332	3371	3033871	3033910	5e-05	63.9
Oe6_s10739	gi|924481461|gb|CP012518.1|	95.00	40	2	0	3332	3371	3033878	3033917	5e-05	63.9
Oe6_s10739	gi|924481461|gb|CP012518.1|	100.00	33	0	0	3339	3371	3033829	3033861	2e-04	62.1
Oe6_s10739	gi|924481461|gb|CP012518.1|	94.74	38	2	0	3332	3369	3033885	3033922	7e-04	60.2
Oe6_s10739	gi|924481461|gb|CP012518.1|	100.00	29	0	0	3343	3371	3033826	3033854	0.033	54.7
Oe6_s10739	gi|924473785|gb|CP012516.1|	95.00	40	2	0	3332	3371	3033932	3033971	5e-05	63.9
Oe6_s10739	gi|924473785|gb|CP012516.1|	95.00	40	2	0	3332	3371	3033939	3033978	5e-05	63.9
Oe6_s10739	gi|924473785|gb|CP012516.1|	95.00	40	2	0	3332	3371	3033946	3033985	5e-05	63.9
Oe6_s10739	gi|924473785|gb|CP012516.1|	95.00	40	2	0	3332	3371	3033953	3033992	5e-05	63.9
Oe6_s10739	gi|924473785|gb|CP012516.1|	95.00	40	2	0	3332	3371	3033960	3033999	5e-05	63.9
Oe6_s10739	gi|924473785|gb|CP012516.1|	95.00	40	2	0	3332	3371	3033967	3034006	5e-05	63.9
Oe6_s10739	gi|924473785|gb|CP012516.1|	95.00	40	2	0	3332	3371	3033974	3034013	5e-05	63.9
Oe6_s10739	gi|924473785|gb|CP012516.1|	95.00	40	2	0	3332	3371	3033981	3034020	5e-05	63.9
Oe6_s10739	gi|924473785|gb|CP012516.1|	100.00	33	0	0	3339	3371	3033932	3033964	2e-04	62.1
Oe6_s10739	gi|924473785|gb|CP012516.1|	94.74	38	2	0	3332	3369	3033988	3034025	7e-04	60.2
Oe6_s10739	gi|924473785|gb|CP012516.1|	100.00	29	0	0	3343	3371	3033929	3033957	0.033	54.7
Oe6_s10739	gi|923098293|gb|CP012093.1|	95.00	40	2	0	3332	3371	1559015	1559054	5e-05	63.9
Oe6_s10739	gi|923098293|gb|CP012093.1|	100.00	33	0	0	3339	3371	1559015	1559047	2e-04	62.1
Oe6_s10739	gi|923098293|gb|CP012093.1|	94.74	38	2	0	3332	3369	1559022	1559059	7e-04	60.2
Oe6_s10739	gi|923098293|gb|CP012093.1|	100.00	29	0	0	3343	3371	1559012	1559040	0.033	54.7
Oe6_s10739	gi|773034055|gb|CP009898.1|	95.00	40	2	0	3332	3371	2943212	2943251	5e-05	63.9
Oe6_s10739	gi|773034055|gb|CP009898.1|	95.00	40	2	0	3332	3371	2943219	2943258	5e-05	63.9
Oe6_s10739	gi|773034055|gb|CP009898.1|	100.00	33	0	0	3339	3371	2943212	2943244	2e-04	62.1
Oe6_s10739	gi|773034055|gb|CP009898.1|	94.74	38	2	0	3332	3369	2943226	2943263	7e-04	60.2
Oe6_s10739	gi|773034055|gb|CP009898.1|	100.00	29	0	0	3343	3371	2943209	2943237	0.033	54.7
Oe6_s10739	gi|772963298|gb|CP009550.1|	95.00	40	2	0	3332	3371	2999473	2999512	5e-05	63.9
Oe6_s10739	gi|772963298|gb|CP009550.1|	95.00	40	2	0	3332	3371	2999480	2999519	5e-05	63.9
Oe6_s10739	gi|772963298|gb|CP009550.1|	95.00	40	2	0	3332	3371	2999487	2999526	5e-05	63.9
Oe6_s10739	gi|772963298|gb|CP009550.1|	95.00	40	2	0	3332	3371	2999494	2999533	5e-05	63.9
Oe6_s10739	gi|772963298|gb|CP009550.1|	95.00	40	2	0	3332	3371	2999501	2999540	5e-05	63.9
Oe6_s10739	gi|772963298|gb|CP009550.1|	95.00	40	2	0	3332	3371	2999508	2999547	5e-05	63.9
Oe6_s10739	gi|772963298|gb|CP009550.1|	100.00	33	0	0	3339	3371	2999473	2999505	2e-04	62.1
Oe6_s10739	gi|772963298|gb|CP009550.1|	94.74	38	2	0	3332	3369	2999515	2999552	7e-04	60.2
Oe6_s10739	gi|772963298|gb|CP009550.1|	100.00	29	0	0	3343	3371	2999470	2999498	0.033	54.7
Oe6_s10739	gi|772956418|gb|CP009537.1|	95.00	40	2	0	3332	3371	1606384	1606423	5e-05	63.9
Oe6_s10739	gi|772956418|gb|CP009537.1|	95.00	40	2	0	3332	3371	1606391	1606430	5e-05	63.9
Oe6_s10739	gi|772956418|gb|CP009537.1|	95.00	40	2	0	3332	3371	1606398	1606437	5e-05	63.9
Oe6_s10739	gi|772956418|gb|CP009537.1|	95.00	40	2	0	3332	3371	1606405	1606444	5e-05	63.9
Oe6_s10739	gi|772956418|gb|CP009537.1|	100.00	33	0	0	3339	3371	1606384	1606416	2e-04	62.1
Oe6_s10739	gi|772956418|gb|CP009537.1|	94.74	38	2	0	3332	3369	1606412	1606449	7e-04	60.2
Oe6_s10739	gi|772956418|gb|CP009537.1|	100.00	29	0	0	3343	3371	1606381	1606409	0.033	54.7
Oe6_s10739	gi|772947081|gb|CP009536.1|	95.00	40	2	0	3332	3371	699944	699983	5e-05	63.9
Oe6_s10739	gi|772947081|gb|CP009536.1|	95.00	40	2	0	3332	3371	699951	699990	5e-05	63.9
Oe6_s10739	gi|772947081|gb|CP009536.1|	95.00	40	2	0	3332	3371	699958	699997	5e-05	63.9
Oe6_s10739	gi|772947081|gb|CP009536.1|	95.00	40	2	0	3332	3371	699965	700004	5e-05	63.9
Oe6_s10739	gi|772947081|gb|CP009536.1|	95.00	40	2	0	3332	3371	699972	700011	5e-05	63.9
Oe6_s10739	gi|772947081|gb|CP009536.1|	95.00	40	2	0	3332	3371	699979	700018	5e-05	63.9
Oe6_s10739	gi|772947081|gb|CP009536.1|	95.00	40	2	0	3332	3371	699986	700025	5e-05	63.9
Oe6_s10739	gi|772947081|gb|CP009536.1|	95.00	40	2	0	3332	3371	699993	700032	5e-05	63.9
Oe6_s10739	gi|772947081|gb|CP009536.1|	95.00	40	2	0	3332	3371	700000	700039	5e-05	63.9
Oe6_s10739	gi|772947081|gb|CP009536.1|	100.00	33	0	0	3339	3371	699944	699976	2e-04	62.1
Oe6_s10739	gi|772947081|gb|CP009536.1|	94.74	38	2	0	3332	3369	700007	700044	7e-04	60.2
Oe6_s10739	gi|772947081|gb|CP009536.1|	100.00	29	0	0	3343	3371	699941	699969	0.033	54.7
Oe6_s10739	gi|772913900|gb|CP009473.1|	95.00	40	2	0	3332	3371	971310	971349	5e-05	63.9
Oe6_s10739	gi|772913900|gb|CP009473.1|	95.00	40	2	0	3332	3371	971317	971356	5e-05	63.9
Oe6_s10739	gi|772913900|gb|CP009473.1|	95.00	40	2	0	3332	3371	971324	971363	5e-05	63.9
Oe6_s10739	gi|772913900|gb|CP009473.1|	95.00	40	2	0	3332	3371	971331	971370	5e-05	63.9
Oe6_s10739	gi|772913900|gb|CP009473.1|	95.00	40	2	0	3332	3371	971338	971377	5e-05	63.9
Oe6_s10739	gi|772913900|gb|CP009473.1|	95.00	40	2	0	3332	3371	971345	971384	5e-05	63.9
Oe6_s10739	gi|772913900|gb|CP009473.1|	95.00	40	2	0	3332	3371	971352	971391	5e-05	63.9
Oe6_s10739	gi|772913900|gb|CP009473.1|	95.00	40	2	0	3332	3371	971359	971398	5e-05	63.9
Oe6_s10739	gi|772913900|gb|CP009473.1|	100.00	33	0	0	3339	3371	971310	971342	2e-04	62.1
Oe6_s10739	gi|772913900|gb|CP009473.1|	94.74	38	2	0	3332	3369	971366	971403	7e-04	60.2
Oe6_s10739	gi|772913900|gb|CP009473.1|	100.00	29	0	0	3343	3371	971307	971335	0.033	54.7
Oe6_s10739	gi|769545575|gb|CP010974.1|	95.00	40	2	0	3332	3371	2845988	2846027	5e-05	63.9
Oe6_s10739	gi|769545575|gb|CP010974.1|	100.00	33	0	0	3339	3371	2845988	2846020	2e-04	62.1
Oe6_s10739	gi|769545575|gb|CP010974.1|	94.74	38	2	0	3332	3369	2845995	2846032	7e-04	60.2
Oe6_s10739	gi|769545575|gb|CP010974.1|	100.00	29	0	0	3343	3371	2845985	2846013	0.033	54.7
Oe6_s10739	gi|701281876|gb|CP009160.1|	95.00	40	2	0	3332	3371	849187	849148	5e-05	63.9
Oe6_s10739	gi|701281876|gb|CP009160.1|	95.00	40	2	0	3332	3371	849194	849155	5e-05	63.9
Oe6_s10739	gi|701281876|gb|CP009160.1|	95.00	40	2	0	3332	3371	849201	849162	5e-05	63.9
Oe6_s10739	gi|701281876|gb|CP009160.1|	95.00	40	2	0	3332	3371	849208	849169	5e-05	63.9
Oe6_s10739	gi|701281876|gb|CP009160.1|	100.00	33	0	0	3339	3371	849208	849176	2e-04	62.1
Oe6_s10739	gi|701281876|gb|CP009160.1|	94.74	38	2	0	3332	3369	849180	849143	7e-04	60.2
Oe6_s10739	gi|701281876|gb|CP009160.1|	100.00	29	0	0	3343	3371	849211	849183	0.033	54.7
Oe6_s10739	gi|701263401|gb|CP009150.1|	95.00	40	2	0	3332	3371	2929813	2929852	5e-05	63.9
Oe6_s10739	gi|701263401|gb|CP009150.1|	95.00	40	2	0	3332	3371	2929820	2929859	5e-05	63.9
Oe6_s10739	gi|701263401|gb|CP009150.1|	100.00	33	0	0	3339	3371	2929813	2929845	2e-04	62.1
Oe6_s10739	gi|701263401|gb|CP009150.1|	94.74	38	2	0	3332	3369	2929827	2929864	7e-04	60.2
Oe6_s10739	gi|701263401|gb|CP009150.1|	100.00	29	0	0	3343	3371	2929810	2929838	0.033	54.7
Oe6_s10739	gi|701257438|gb|CP009164.1|	95.00	40	2	0	3332	3371	2351706	2351667	5e-05	63.9
Oe6_s10739	gi|701257438|gb|CP009164.1|	95.00	40	2	0	3332	3371	2351713	2351674	5e-05	63.9
Oe6_s10739	gi|701257438|gb|CP009164.1|	100.00	33	0	0	3339	3371	2351713	2351681	2e-04	62.1
Oe6_s10739	gi|701257438|gb|CP009164.1|	94.74	38	2	0	3332	3369	2351699	2351662	7e-04	60.2
Oe6_s10739	gi|701257438|gb|CP009164.1|	100.00	29	0	0	3343	3371	2351716	2351688	0.033	54.7
Oe6_s10739	gi|694170962|gb|CP008917.1|	95.00	40	2	0	3332	3371	1645464	1645503	5e-05	63.9
Oe6_s10739	gi|694170962|gb|CP008917.1|	95.00	40	2	0	3332	3371	1645471	1645510	5e-05	63.9
Oe6_s10739	gi|694170962|gb|CP008917.1|	95.00	40	2	0	3332	3371	1645478	1645517	5e-05	63.9
Oe6_s10739	gi|694170962|gb|CP008917.1|	95.00	40	2	0	3332	3371	1645485	1645524	5e-05	63.9
Oe6_s10739	gi|694170962|gb|CP008917.1|	95.00	40	2	0	3332	3371	1645492	1645531	5e-05	63.9
Oe6_s10739	gi|694170962|gb|CP008917.1|	95.00	40	2	0	3332	3371	1645499	1645538	5e-05	63.9
Oe6_s10739	gi|694170962|gb|CP008917.1|	95.00	40	2	0	3332	3371	1645506	1645545	5e-05	63.9
Oe6_s10739	gi|694170962|gb|CP008917.1|	95.00	40	2	0	3332	3371	1645513	1645552	5e-05	63.9
Oe6_s10739	gi|694170962|gb|CP008917.1|	95.00	40	2	0	3332	3371	1645520	1645559	5e-05	63.9
Oe6_s10739	gi|694170962|gb|CP008917.1|	100.00	33	0	0	3339	3371	1645464	1645496	2e-04	62.1
Oe6_s10739	gi|694170962|gb|CP008917.1|	94.74	38	2	0	3332	3369	1645527	1645564	7e-04	60.2
Oe6_s10739	gi|694170962|gb|CP008917.1|	100.00	29	0	0	3343	3371	1645461	1645489	0.033	54.7
Oe6_s10739	gi|685774567|gb|CP008893.1|	95.00	40	2	0	3332	3371	2219864	2219903	5e-05	63.9
Oe6_s10739	gi|685774567|gb|CP008893.1|	95.00	40	2	0	3332	3371	2219871	2219910	5e-05	63.9
Oe6_s10739	gi|685774567|gb|CP008893.1|	95.00	40	2	0	3332	3371	2219878	2219917	5e-05	63.9
Oe6_s10739	gi|685774567|gb|CP008893.1|	95.00	40	2	0	3332	3371	2219885	2219924	5e-05	63.9
Oe6_s10739	gi|685774567|gb|CP008893.1|	100.00	33	0	0	3339	3371	2219864	2219896	2e-04	62.1
Oe6_s10739	gi|685774567|gb|CP008893.1|	94.74	38	2	0	3332	3369	2219892	2219929	7e-04	60.2
Oe6_s10739	gi|685774567|gb|CP008893.1|	100.00	29	0	0	3343	3371	2219861	2219889	0.033	54.7
Oe6_s10739	gi|685772105|gb|CP008912.1|	95.00	40	2	0	3332	3371	2706079	2706040	5e-05	63.9
Oe6_s10739	gi|685772105|gb|CP008912.1|	95.00	40	2	0	3332	3371	2706086	2706047	5e-05	63.9
Oe6_s10739	gi|685772105|gb|CP008912.1|	100.00	33	0	0	3339	3371	2706086	2706054	2e-04	62.1
Oe6_s10739	gi|685772105|gb|CP008912.1|	94.74	38	2	0	3332	3369	2706072	2706035	7e-04	60.2
Oe6_s10739	gi|685772105|gb|CP008912.1|	100.00	29	0	0	3343	3371	2706089	2706061	0.033	54.7
Oe6_s10739	gi|685762957|gb|CP008891.1|	95.00	40	2	0	3332	3371	3027697	3027736	5e-05	63.9
Oe6_s10739	gi|685762957|gb|CP008891.1|	95.00	40	2	0	3332	3371	3027704	3027743	5e-05	63.9
Oe6_s10739	gi|685762957|gb|CP008891.1|	95.00	40	2	0	3332	3371	3027711	3027750	5e-05	63.9
Oe6_s10739	gi|685762957|gb|CP008891.1|	95.00	40	2	0	3332	3371	3027718	3027757	5e-05	63.9
Oe6_s10739	gi|685762957|gb|CP008891.1|	100.00	33	0	0	3339	3371	3027697	3027729	2e-04	62.1
Oe6_s10739	gi|685762957|gb|CP008891.1|	94.74	38	2	0	3332	3369	3027725	3027762	7e-04	60.2
Oe6_s10739	gi|685762957|gb|CP008891.1|	100.00	29	0	0	3343	3371	3027694	3027722	0.033	54.7
Oe6_s10739	gi|685760464|gb|CP008910.1|	95.00	40	2	0	3332	3371	2053893	2053854	5e-05	63.9
Oe6_s10739	gi|685760464|gb|CP008910.1|	95.00	40	2	0	3332	3371	2053900	2053861	5e-05	63.9
Oe6_s10739	gi|685760464|gb|CP008910.1|	95.00	40	2	0	3332	3371	2053907	2053868	5e-05	63.9
Oe6_s10739	gi|685760464|gb|CP008910.1|	95.00	40	2	0	3332	3371	2053914	2053875	5e-05	63.9
Oe6_s10739	gi|685760464|gb|CP008910.1|	95.00	40	2	0	3332	3371	2053921	2053882	5e-05	63.9
Oe6_s10739	gi|685760464|gb|CP008910.1|	95.00	40	2	0	3332	3371	2053928	2053889	5e-05	63.9
Oe6_s10739	gi|685760464|gb|CP008910.1|	95.00	40	2	0	3332	3371	2053935	2053896	5e-05	63.9
Oe6_s10739	gi|685760464|gb|CP008910.1|	95.00	40	2	0	3332	3371	2053942	2053903	5e-05	63.9
Oe6_s10739	gi|685760464|gb|CP008910.1|	95.00	40	2	0	3332	3371	2053949	2053910	5e-05	63.9
Oe6_s10739	gi|685760464|gb|CP008910.1|	100.00	33	0	0	3339	3371	2053949	2053917	2e-04	62.1
Oe6_s10739	gi|685760464|gb|CP008910.1|	94.74	38	2	0	3332	3369	2053886	2053849	7e-04	60.2
Oe6_s10739	gi|685760464|gb|CP008910.1|	100.00	29	0	0	3343	3371	2053952	2053924	0.033	54.7
Oe6_s10739	gi|685736615|gb|CP008783.1|	95.00	40	2	0	3332	3371	781678	781717	5e-05	63.9
Oe6_s10739	gi|685736615|gb|CP008783.1|	100.00	33	0	0	3339	3371	781678	781710	2e-04	62.1
Oe6_s10739	gi|685736615|gb|CP008783.1|	94.74	38	2	0	3332	3369	781685	781722	7e-04	60.2
Oe6_s10739	gi|685736615|gb|CP008783.1|	100.00	29	0	0	3343	3371	781675	781703	0.033	54.7
Oe6_s10739	gi|685728293|gb|CP008782.1|	95.00	40	2	0	3332	3371	2825823	2825784	5e-05	63.9
Oe6_s10739	gi|685728293|gb|CP008782.1|	95.00	40	2	0	3332	3371	2825830	2825791	5e-05	63.9
Oe6_s10739	gi|685728293|gb|CP008782.1|	95.00	40	2	0	3332	3371	2825837	2825798	5e-05	63.9
Oe6_s10739	gi|685728293|gb|CP008782.1|	100.00	33	0	0	3339	3371	2825837	2825805	2e-04	62.1
Oe6_s10739	gi|685728293|gb|CP008782.1|	94.74	38	2	0	3332	3369	2825816	2825779	7e-04	60.2
Oe6_s10739	gi|685728293|gb|CP008782.1|	100.00	29	0	0	3343	3371	2825840	2825812	0.033	54.7
Oe6_s10739	gi|685704812|gb|CP008759.1|	95.00	40	2	0	3332	3371	1082858	1082819	5e-05	63.9
Oe6_s10739	gi|685704812|gb|CP008759.1|	95.00	40	2	0	3332	3371	1082865	1082826	5e-05	63.9
Oe6_s10739	gi|685704812|gb|CP008759.1|	95.00	40	2	0	3332	3371	1082872	1082833	5e-05	63.9
Oe6_s10739	gi|685704812|gb|CP008759.1|	100.00	33	0	0	3339	3371	1082872	1082840	2e-04	62.1
Oe6_s10739	gi|685704812|gb|CP008759.1|	94.74	38	2	0	3332	3369	1082851	1082814	7e-04	60.2
Oe6_s10739	gi|685704812|gb|CP008759.1|	100.00	29	0	0	3343	3371	1082875	1082847	0.033	54.7
Oe6_s10739	gi|685695460|gb|CP008754.1|	95.00	40	2	0	3332	3371	1583704	1583743	5e-05	63.9
Oe6_s10739	gi|685695460|gb|CP008754.1|	95.00	40	2	0	3332	3371	1583711	1583750	5e-05	63.9
Oe6_s10739	gi|685695460|gb|CP008754.1|	95.00	40	2	0	3332	3371	1583718	1583757	5e-05	63.9
Oe6_s10739	gi|685695460|gb|CP008754.1|	95.00	40	2	0	3332	3371	1583725	1583764	5e-05	63.9
Oe6_s10739	gi|685695460|gb|CP008754.1|	100.00	33	0	0	3339	3371	1583704	1583736	2e-04	62.1
Oe6_s10739	gi|685695460|gb|CP008754.1|	94.74	38	2	0	3332	3369	1583732	1583769	7e-04	60.2
Oe6_s10739	gi|685695460|gb|CP008754.1|	100.00	29	0	0	3343	3371	1583701	1583729	0.033	54.7
Oe6_s10739	gi|568792780|gb|CP004004.1|	95.00	40	2	0	3332	3371	376632	376593	5e-05	63.9
Oe6_s10739	gi|568792780|gb|CP004004.1|	100.00	33	0	0	3339	3371	376632	376600	2e-04	62.1
Oe6_s10739	gi|568792780|gb|CP004004.1|	94.74	38	2	0	3332	3369	376625	376588	7e-04	60.2
Oe6_s10739	gi|568792780|gb|CP004004.1|	100.00	29	0	0	3343	3371	376635	376607	0.033	54.7
Oe6_s10739	gi|556045773|gb|CP003977.1|	95.00	40	2	0	3332	3371	1824127	1824166	5e-05	63.9
Oe6_s10739	gi|556045773|gb|CP003977.1|	95.00	40	2	0	3332	3371	1824134	1824173	5e-05	63.9
Oe6_s10739	gi|556045773|gb|CP003977.1|	95.00	40	2	0	3332	3371	1824141	1824180	5e-05	63.9
Oe6_s10739	gi|556045773|gb|CP003977.1|	100.00	33	0	0	3339	3371	1824127	1824159	2e-04	62.1
Oe6_s10739	gi|556045773|gb|CP003977.1|	94.74	38	2	0	3332	3369	1824148	1824185	7e-04	60.2
Oe6_s10739	gi|556045773|gb|CP003977.1|	100.00	29	0	0	3343	3371	1824124	1824152	0.033	54.7
Oe6_s10739	gi|403076361|gb|CP003782.1|	95.00	40	2	0	3332	3371	2962987	2963026	5e-05	63.9
Oe6_s10739	gi|403076361|gb|CP003782.1|	95.00	40	2	0	3332	3371	2962994	2963033	5e-05	63.9
Oe6_s10739	gi|403076361|gb|CP003782.1|	95.00	40	2	0	3332	3371	2963001	2963040	5e-05	63.9
Oe6_s10739	gi|403076361|gb|CP003782.1|	95.00	40	2	0	3332	3371	2963008	2963047	5e-05	63.9
Oe6_s10739	gi|403076361|gb|CP003782.1|	95.00	40	2	0	3332	3371	2963015	2963054	5e-05	63.9
Oe6_s10739	gi|403076361|gb|CP003782.1|	100.00	33	0	0	3339	3371	2962987	2963019	2e-04	62.1
Oe6_s10739	gi|403076361|gb|CP003782.1|	94.74	38	2	0	3332	3369	2963022	2963059	7e-04	60.2
Oe6_s10739	gi|403076361|gb|CP003782.1|	100.00	29	0	0	3343	3371	2962984	2963012	0.033	54.7
Oe6_s10739	gi|296016874|gb|CP001959.1|	95.00	40	2	0	3332	3371	825090	825129	5e-05	63.9
Oe6_s10739	gi|296016874|gb|CP001959.1|	95.00	40	2	0	3332	3371	825097	825136	5e-05	63.9
Oe6_s10739	gi|296016874|gb|CP001959.1|	95.00	40	2	0	3332	3371	825104	825143	5e-05	63.9
Oe6_s10739	gi|296016874|gb|CP001959.1|	95.00	40	2	0	3332	3371	825111	825150	5e-05	63.9
Oe6_s10739	gi|296016874|gb|CP001959.1|	95.00	40	2	0	3332	3371	825118	825157	5e-05	63.9
Oe6_s10739	gi|296016874|gb|CP001959.1|	95.00	40	2	0	3332	3371	825125	825164	5e-05	63.9
Oe6_s10739	gi|296016874|gb|CP001959.1|	100.00	33	0	0	3339	3371	825090	825122	2e-04	62.1
Oe6_s10739	gi|296016874|gb|CP001959.1|	100.00	31	0	0	3341	3371	825085	825115	0.003	58.4
Oe6_s10739	gi|296016874|gb|CP001959.1|	94.44	36	2	0	3332	3367	825132	825167	0.009	56.5
Oe6_s10739	gi|126229231|gb|CP000573.1|	95.00	40	2	0	3332	3371	2908878	2908917	5e-05	63.9
Oe6_s10739	gi|126229231|gb|CP000573.1|	95.00	40	2	0	3332	3371	2908885	2908924	5e-05	63.9
Oe6_s10739	gi|126229231|gb|CP000573.1|	95.00	40	2	0	3332	3371	2908892	2908931	5e-05	63.9
Oe6_s10739	gi|126229231|gb|CP000573.1|	100.00	33	0	0	3339	3371	2908878	2908910	2e-04	62.1
Oe6_s10739	gi|126229231|gb|CP000573.1|	94.74	38	2	0	3332	3369	2908899	2908936	7e-04	60.2
Oe6_s10739	gi|126229231|gb|CP000573.1|	100.00	29	0	0	3343	3371	2908875	2908903	0.033	54.7
Oe6_s10739	gi|76581710|gb|CP000125.1|	95.00	40	2	0	3332	3371	1647205	1647244	5e-05	63.9
Oe6_s10739	gi|76581710|gb|CP000125.1|	95.00	40	2	0	3332	3371	1647212	1647251	5e-05	63.9
Oe6_s10739	gi|76581710|gb|CP000125.1|	95.00	40	2	0	3332	3371	1647219	1647258	5e-05	63.9
Oe6_s10739	gi|76581710|gb|CP000125.1|	95.00	40	2	0	3332	3371	1647226	1647265	5e-05	63.9
Oe6_s10739	gi|76581710|gb|CP000125.1|	95.00	40	2	0	3332	3371	1647233	1647272	5e-05	63.9
Oe6_s10739	gi|76581710|gb|CP000125.1|	95.00	40	2	0	3332	3371	1647240	1647279	5e-05	63.9
Oe6_s10739	gi|76581710|gb|CP000125.1|	95.00	40	2	0	3332	3371	1647247	1647286	5e-05	63.9
Oe6_s10739	gi|76581710|gb|CP000125.1|	95.00	40	2	0	3332	3371	1647254	1647293	5e-05	63.9
Oe6_s10739	gi|76581710|gb|CP000125.1|	95.00	40	2	0	3332	3371	1647261	1647300	5e-05	63.9
Oe6_s10739	gi|76581710|gb|CP000125.1|	100.00	33	0	0	3339	3371	1647205	1647237	2e-04	62.1
Oe6_s10739	gi|76581710|gb|CP000125.1|	94.74	38	2	0	3332	3369	1647268	1647305	7e-04	60.2
Oe6_s10739	gi|76581710|gb|CP000125.1|	100.00	29	0	0	3343	3371	1647202	1647230	0.033	54.7
Oe6_s10739	gi|52211453|emb|BX571966.1|	95.00	40	2	0	3332	3371	2982468	2982507	5e-05	63.9
Oe6_s10739	gi|52211453|emb|BX571966.1|	95.00	40	2	0	3332	3371	2982475	2982514	5e-05	63.9
Oe6_s10739	gi|52211453|emb|BX571966.1|	95.00	40	2	0	3332	3371	2982482	2982521	5e-05	63.9
Oe6_s10739	gi|52211453|emb|BX571966.1|	95.00	40	2	0	3332	3371	2982489	2982528	5e-05	63.9
Oe6_s10739	gi|52211453|emb|BX571966.1|	100.00	33	0	0	3339	3371	2982468	2982500	2e-04	62.1
Oe6_s10739	gi|52211453|emb|BX571966.1|	94.74	38	2	0	3332	3369	2982496	2982533	7e-04	60.2
Oe6_s10739	gi|52211453|emb|BX571966.1|	100.00	29	0	0	3343	3371	2982465	2982493	0.033	54.7
Oe6_s10739	gi|1186411507|gb|CP018409.1|	100.00	33	0	0	3339	3371	2137923	2137955	2e-04	62.1
Oe6_s10739	gi|1186411507|gb|CP018409.1|	94.74	38	2	0	3332	3369	2137923	2137960	7e-04	60.2
Oe6_s10739	gi|1186411507|gb|CP018409.1|	100.00	31	0	0	3339	3369	2051061	2051091	0.003	58.4
Oe6_s10739	gi|1186411507|gb|CP018409.1|	100.00	29	0	0	3343	3371	2137920	2137948	0.033	54.7
Oe6_s10739	gi|1186404606|gb|CP018407.1|	100.00	33	0	0	3339	3371	2498575	2498607	2e-04	62.1
Oe6_s10739	gi|1186404606|gb|CP018407.1|	94.74	38	2	0	3332	3369	2498575	2498612	7e-04	60.2
Oe6_s10739	gi|1186404606|gb|CP018407.1|	100.00	31	0	0	3339	3369	2411703	2411733	0.003	58.4
Oe6_s10739	gi|1186404606|gb|CP018407.1|	100.00	29	0	0	3343	3371	2498572	2498600	0.033	54.7
Oe6_s10739	gi|1186382015|gb|CP018401.1|	100.00	33	0	0	3339	3371	861159	861191	2e-04	62.1
Oe6_s10739	gi|1186382015|gb|CP018401.1|	94.74	38	2	0	3332	3369	861159	861196	7e-04	60.2
Oe6_s10739	gi|1186382015|gb|CP018401.1|	100.00	29	0	0	3343	3371	861156	861184	0.033	54.7
Oe6_s10739	gi|1186361555|gb|CP018394.1|	100.00	33	0	0	3339	3371	2002788	2002756	2e-04	62.1
Oe6_s10739	gi|1186361555|gb|CP018394.1|	94.74	38	2	0	3332	3369	2002788	2002751	7e-04	60.2
Oe6_s10739	gi|1186361555|gb|CP018394.1|	100.00	31	0	0	3339	3369	2089605	2089575	0.003	58.4
Oe6_s10739	gi|1186361555|gb|CP018394.1|	100.00	29	0	0	3343	3371	2002791	2002763	0.033	54.7
Oe6_s10739	gi|1074117358|emb|LT615247.1|	100.00	33	0	0	3339	3371	849576	849608	2e-04	62.1
Oe6_s10739	gi|1074117358|emb|LT615247.1|	94.74	38	2	0	3332	3369	849576	849613	7e-04	60.2
Oe6_s10739	gi|950987290|ref|XR_001375875.1|	94.87	39	2	0	3332	3370	97	59	2e-04	62.1
Oe6_s10739	gi|950987290|ref|XR_001375875.1|	100.00	33	0	0	3339	3371	97	65	2e-04	62.1
Oe6_s10739	gi|950987290|ref|XR_001375875.1|	100.00	28	0	0	3344	3371	99	72	0.12	52.8
Oe6_s10739	gi|950987285|ref|XR_001375874.1|	94.87	39	2	0	3332	3370	97	59	2e-04	62.1
Oe6_s10739	gi|950987285|ref|XR_001375874.1|	100.00	33	0	0	3339	3371	97	65	2e-04	62.1
Oe6_s10739	gi|950987285|ref|XR_001375874.1|	100.00	28	0	0	3344	3371	99	72	0.12	52.8
Oe6_s10739	gi|950987280|ref|XM_014648260.1|	94.87	39	2	0	3332	3370	97	59	2e-04	62.1
Oe6_s10739	gi|950987280|ref|XM_014648260.1|	100.00	33	0	0	3339	3371	97	65	2e-04	62.1
Oe6_s10739	gi|950987280|ref|XM_014648260.1|	100.00	28	0	0	3344	3371	99	72	0.12	52.8
Oe6_s10739	gi|575437442|gb|CP004043.1|	100.00	33	0	0	3339	3371	2801796	2801828	2e-04	62.1
Oe6_s10739	gi|575437442|gb|CP004043.1|	94.74	38	2	0	3332	3369	2801796	2801833	7e-04	60.2
Oe6_s10739	gi|575437442|gb|CP004043.1|	100.00	29	0	0	3343	3371	2801793	2801821	0.033	54.7
Oe6_s10739	gi|574604118|gb|CP004024.1|	100.00	33	0	0	3339	3371	430868	430836	2e-04	62.1
Oe6_s10739	gi|574604118|gb|CP004024.1|	94.74	38	2	0	3332	3369	430868	430831	7e-04	60.2
Oe6_s10739	gi|574604118|gb|CP004024.1|	100.00	29	0	0	3343	3371	430871	430843	0.033	54.7
Oe6_s10739	gi|1061759129|gb|CP013458.1|	97.22	36	0	1	3335	3369	2097188	2097223	7e-04	60.2
Oe6_s10739	gi|1239725811|gb|CP023122.1|	97.06	34	1	0	3339	3372	8244082	8244049	0.003	58.4
Oe6_s10739	gi|1239725811|gb|CP023122.1|	97.06	34	1	0	3339	3372	8253295	8253262	0.003	58.4
Oe6_s10739	gi|1239725811|gb|CP023122.1|	97.06	34	1	0	3339	3372	8261994	8261961	0.003	58.4
Oe6_s10739	gi|772893400|gb|CP009297.1|	100.00	31	0	0	3339	3369	3061268	3061298	0.003	58.4
Oe6_s10739	gi|772893400|gb|CP009297.1|	100.00	29	0	0	3343	3371	3061265	3061293	0.033	54.7
Oe6_s10739	gi|772890639|gb|CP004380.1|	100.00	31	0	0	3339	3369	3136849	3136819	0.003	58.4
Oe6_s10739	gi|772890639|gb|CP004380.1|	100.00	29	0	0	3343	3371	3136852	3136824	0.033	54.7
Oe6_s10739	gi|701251466|gb|CP009152.1|	100.00	31	0	0	3339	3369	3114233	3114263	0.003	58.4
Oe6_s10739	gi|701245573|gb|CP009234.1|	100.00	31	0	0	3339	3369	321	351	0.003	58.4
Oe6_s10739	gi|701245573|gb|CP009234.1|	100.00	29	0	0	3343	3371	318	346	0.033	54.7
Oe6_s10739	gi|701239770|gb|CP009269.1|	100.00	31	0	0	3339	3369	771361	771391	0.003	58.4
Oe6_s10739	gi|701239770|gb|CP009269.1|	100.00	29	0	0	3343	3371	771358	771386	0.033	54.7
Oe6_s10739	gi|685786072|gb|CP009127.1|	100.00	31	0	0	3339	3369	322409	322439	0.003	58.4
Oe6_s10739	gi|685786072|gb|CP009127.1|	100.00	29	0	0	3343	3371	322406	322434	0.033	54.7
Oe6_s10739	gi|685734194|gb|CP008835.1|	100.00	31	0	0	3339	3369	1812615	1812645	0.003	58.4
Oe6_s10739	gi|685734194|gb|CP008835.1|	100.00	29	0	0	3343	3371	1812612	1812640	0.033	54.7
Oe6_s10739	gi|685713114|gb|CP008779.1|	100.00	31	0	0	3339	3369	2514017	2513987	0.003	58.4
Oe6_s10739	gi|685710607|gb|CP008778.1|	100.00	31	0	0	3339	3369	672076	672046	0.003	58.4
Oe6_s10739	gi|685710607|gb|CP008778.1|	100.00	29	0	0	3343	3371	672079	672051	0.033	54.7
Oe6_s10739	gi|664639076|emb|LK936443.1|	100.00	31	0	0	3339	3369	2924976	2925006	0.003	58.4
Oe6_s10739	gi|664639076|emb|LK936443.1|	100.00	29	0	0	3343	3371	2924973	2925001	0.033	54.7
Oe6_s10739	gi|385660863|gb|CP002834.1|	100.00	31	0	0	3339	3369	2946571	2946601	0.003	58.4
Oe6_s10739	gi|385660863|gb|CP002834.1|	100.00	29	0	0	3343	3371	2946568	2946596	0.033	54.7
Oe6_s10739	gi|34398397|gb|AY333070.1|	86.79	53	6	1	3319	3371	39014	39065	0.003	58.4
Oe6_s10739	gi|1109098067|ref|XM_010455135.2|	100.00	30	0	0	3342	3371	15	44	0.009	56.5
Oe6_s10739	gi|1248273119|ref|XM_022622670.1|	100.00	29	0	0	3534	3562	667	639	0.033	54.7
Oe6_s10739	gi|1126731607|emb|LT669792.1|	100.00	29	0	0	1682	1710	2590280	2590308	0.033	54.7
Oe6_s10739	gi|686695206|emb|LM036981.1|	100.00	29	0	0	3534	3562	8944	8972	0.033	54.7
Oe6_s10739	gi|551642278|ref|XM_005823880.1|	100.00	29	0	0	3534	3562	202	174	0.033	54.7
Oe6_s10739	gi|1150103779|ref|XM_020382421.1|	100.00	28	0	0	3344	3371	80	107	0.12	52.8
Oe6_s10739	gi|1049460842|emb|LT594515.1|	100.00	28	0	0	679	706	1890843	1890870	0.12	52.8
Oe6_s10739	gi|702068301|emb|FO906937.1|	100.00	28	0	0	679	706	132619	132592	0.12	52.8
Oe6_s10739	gi|690247191|emb|LM863326.1|	96.88	32	0	1	3337	3368	933	963	0.12	52.8
Oe6_s10739	gi|690098343|emb|LM693513.1|	100.00	28	0	0	3341	3368	2291	2264	0.12	52.8
Oe6_s10739	gi|312212207|emb|FP929094.1|	100.00	28	0	0	679	706	1362930	1362903	0.12	52.8
Oe6_s10739	gi|240863652|gb|CP001644.1|	100.00	28	0	0	679	706	1978435	1978408	0.12	52.8
