Oe6_s03437	gi|65134956|gb|AC114900.26|	91.52	342	29	0	96	437	24513	24854	2e-128	472
Oe6_s03437	gi|65134956|gb|AC114900.26|	90.00	350	32	3	96	444	98692	98345	9e-122	449
Oe6_s03437	gi|65134956|gb|AC114900.26|	90.10	313	29	2	126	437	29235	28924	2e-108	405
Oe6_s03437	gi|65134956|gb|AC114900.26|	89.32	309	31	2	129	437	27590	27896	7e-103	387
Oe6_s03437	gi|65134956|gb|AC114900.26|	81.42	506	63	20	438	921	22383	22879	2e-102	385
Oe6_s03437	gi|65134956|gb|AC114900.26|	88.97	281	25	5	643	921	27325	27049	2e-89	342
Oe6_s03437	gi|65134956|gb|AC114900.26|	88.01	292	29	5	643	932	29748	30035	5e-89	340
Oe6_s03437	gi|65134956|gb|AC114900.26|	79.70	527	64	25	438	931	62611	63127	5e-89	340
Oe6_s03437	gi|65134956|gb|AC114900.26|	87.33	292	31	6	643	932	99158	99445	1e-85	329
Oe6_s03437	gi|65134956|gb|AC114900.26|	84.09	308	25	12	130	437	15690	15407	2e-69	276
Oe6_s03437	gi|65134956|gb|AC114900.26|	84.09	308	26	10	132	439	51764	52048	2e-69	276
Oe6_s03437	gi|65134956|gb|AC114900.26|	84.09	308	26	10	130	437	62382	62098	2e-69	276
Oe6_s03437	gi|65134956|gb|AC114900.26|	83.87	310	21	14	130	439	70478	70758	3e-67	268
Oe6_s03437	gi|65134956|gb|AC114900.26|	83.17	309	28	7	129	437	13218	12934	4e-65	261
Oe6_s03437	gi|65134956|gb|AC114900.26|	83.33	306	28	10	132	437	22152	21870	4e-65	261
Oe6_s03437	gi|65134956|gb|AC114900.26|	85.66	251	28	5	189	439	14116	14358	6e-64	257
Oe6_s03437	gi|65134956|gb|AC114900.26|	82.79	308	30	10	130	437	45276	45560	7e-63	254
Oe6_s03437	gi|65134956|gb|AC114900.26|	81.01	316	46	10	100	402	56244	56558	2e-58	239
Oe6_s03437	gi|65134956|gb|AC114900.26|	86.45	214	21	6	437	647	56092	55884	4e-55	228
Oe6_s03437	gi|65134956|gb|AC114900.26|	85.52	221	24	7	437	653	24366	24150	6e-54	224
Oe6_s03437	gi|65134956|gb|AC114900.26|	80.70	316	31	12	643	932	24051	23740	3e-52	219
Oe6_s03437	gi|65134956|gb|AC114900.26|	88.95	181	14	5	643	821	55830	55654	3e-52	219
Oe6_s03437	gi|65134956|gb|AC114900.26|	84.35	230	24	7	437	658	98840	99065	3e-51	215
Oe6_s03437	gi|65134956|gb|AC114900.26|	81.78	269	31	17	437	693	99544	99806	2e-49	209
Oe6_s03437	gi|65134956|gb|AC114900.26|	83.12	231	28	8	437	661	29433	29658	1e-46	200
Oe6_s03437	gi|65134956|gb|AC114900.26|	79.14	302	34	11	647	921	16176	16475	3e-41	182
Oe6_s03437	gi|65134956|gb|AC114900.26|	92.50	120	7	2	1143	1261	69900	70018	8e-38	171
Oe6_s03437	gi|65134956|gb|AC114900.26|	91.67	120	8	2	1143	1261	22684	22566	3e-36	165
Oe6_s03437	gi|65134956|gb|AC114900.26|	90.83	120	9	2	1143	1261	51227	51345	2e-34	159
Oe6_s03437	gi|65134956|gb|AC114900.26|	90.00	120	10	2	1143	1261	44833	44715	8e-33	154
Oe6_s03437	gi|65134956|gb|AC114900.26|	88.33	120	12	2	1143	1261	62912	62794	2e-29	143
Oe6_s03437	gi|65134956|gb|AC114900.26|	81.46	178	19	8	1166	1336	15236	15406	1e-26	134
Oe6_s03437	gi|65134956|gb|AC114900.26|	96.05	76	3	0	1266	1341	22641	22566	6e-24	124
Oe6_s03437	gi|65134956|gb|AC114900.26|	96.05	76	3	0	1266	1341	69943	70018	6e-24	124
Oe6_s03437	gi|65134956|gb|AC114900.26|	92.86	84	5	1	1108	1190	69904	69987	8e-23	121
Oe6_s03437	gi|65134956|gb|AC114900.26|	94.74	76	4	0	1266	1341	44790	44715	3e-22	119
Oe6_s03437	gi|65134956|gb|AC114900.26|	94.74	76	4	0	1266	1341	51270	51345	3e-22	119
Oe6_s03437	gi|65134956|gb|AC114900.26|	91.67	84	6	1	1108	1190	22680	22597	4e-21	115
Oe6_s03437	gi|65134956|gb|AC114900.26|	78.53	191	29	7	1139	1327	23954	24134	4e-21	115
Oe6_s03437	gi|65134956|gb|AC114900.26|	91.57	83	6	1	96	178	13296	13215	1e-20	113
Oe6_s03437	gi|65134956|gb|AC114900.26|	87.00	100	13	0	132	231	44296	44197	1e-20	113
Oe6_s03437	gi|65134956|gb|AC114900.26|	92.11	76	6	0	1266	1341	62869	62794	6e-19	108
Oe6_s03437	gi|65134956|gb|AC114900.26|	93.24	74	4	1	1073	1145	69909	69982	6e-19	108
Oe6_s03437	gi|65134956|gb|AC114900.26|	93.15	73	4	1	1074	1145	22674	22602	2e-18	106
Oe6_s03437	gi|65134956|gb|AC114900.26|	80.00	150	22	4	1098	1247	23993	24134	8e-18	104
Oe6_s03437	gi|65134956|gb|AC114900.26|	91.78	73	5	1	1074	1145	51237	51309	1e-16	100
Oe6_s03437	gi|65134956|gb|AC114900.26|	90.41	73	6	1	1074	1145	44823	44751	5e-15	95.3
Oe6_s03437	gi|65134956|gb|AC114900.26|	94.83	58	3	0	41	98	45065	45122	6e-14	91.6
Oe6_s03437	gi|65134956|gb|AC114900.26|	91.18	68	5	1	1073	1139	62903	62836	6e-14	91.6
Oe6_s03437	gi|65134956|gb|AC114900.26|	96.30	54	2	0	437	490	27388	27335	2e-13	89.8
Oe6_s03437	gi|65134956|gb|AC114900.26|	79.05	148	18	5	797	931	69807	69660	2e-13	89.8
Oe6_s03437	gi|65134956|gb|AC114900.26|	94.64	56	3	0	41	96	63154	63209	8e-13	87.9
Oe6_s03437	gi|65134956|gb|AC114900.26|	94.55	55	3	0	41	95	22916	22970	3e-12	86.1
Oe6_s03437	gi|65134956|gb|AC114900.26|	80.83	120	8	10	1033	1144	15258	15370	1e-10	80.5
Oe6_s03437	gi|65134956|gb|AC114900.26|	97.73	44	1	0	1033	1076	22640	22597	2e-09	76.8
Oe6_s03437	gi|65134956|gb|AC114900.26|	97.73	44	1	0	1033	1076	69944	69987	2e-09	76.8
Oe6_s03437	gi|65134956|gb|AC114900.26|	88.52	61	7	0	1264	1324	23999	24059	6e-09	75.0
Oe6_s03437	gi|65134956|gb|AC114900.26|	95.45	44	2	0	1033	1076	44789	44746	8e-08	71.3
Oe6_s03437	gi|65134956|gb|AC114900.26|	95.45	44	2	0	1033	1076	51271	51314	8e-08	71.3
Oe6_s03437	gi|65134956|gb|AC114900.26|	100.00	37	0	0	1034	1070	15334	15370	3e-07	69.4
Oe6_s03437	gi|65134956|gb|AC114900.26|	78.45	116	17	5	1033	1145	24002	24112	3e-07	69.4
Oe6_s03437	gi|65134956|gb|AC114900.26|	97.37	38	1	0	1147	1184	15333	15370	4e-06	65.8
Oe6_s03437	gi|65134956|gb|AC114900.26|	93.02	43	3	0	1033	1075	62868	62826	1e-05	63.9
Oe6_s03437	gi|65134956|gb|AC114900.26|	89.13	46	0	1	1	46	99229	99269	0.028	52.8
Oe6_s03437	gi|89267063|emb|AM118080.1|	91.52	342	29	0	96	437	28149	28490	2e-128	472
Oe6_s03437	gi|89267063|emb|AM118080.1|	90.67	343	31	1	96	437	284551	284893	2e-123	455
Oe6_s03437	gi|89267063|emb|AM118080.1|	90.00	350	32	3	96	444	102328	101981	9e-122	449
Oe6_s03437	gi|89267063|emb|AM118080.1|	90.38	343	31	2	96	438	421445	421105	9e-122	449
Oe6_s03437	gi|89267063|emb|AM118080.1|	90.12	344	32	2	96	438	387275	387617	1e-120	446
Oe6_s03437	gi|89267063|emb|AM118080.1|	89.47	342	35	1	96	437	456161	455821	3e-116	431
Oe6_s03437	gi|89267063|emb|AM118080.1|	91.17	317	26	2	126	442	491308	491622	1e-115	429
Oe6_s03437	gi|89267063|emb|AM118080.1|	90.10	313	29	2	126	437	32871	32560	2e-108	405
Oe6_s03437	gi|89267063|emb|AM118080.1|	82.05	507	59	22	438	921	357122	356625	7e-108	403
Oe6_s03437	gi|89267063|emb|AM118080.1|	90.23	307	30	0	131	437	374656	374962	2e-107	401
Oe6_s03437	gi|89267063|emb|AM118080.1|	89.97	309	30	1	130	438	238333	238026	3e-106	398
Oe6_s03437	gi|89267063|emb|AM118080.1|	89.68	310	29	3	129	437	370872	370565	1e-104	392
Oe6_s03437	gi|89267063|emb|AM118080.1|	89.94	308	25	1	130	437	378285	378586	1e-104	392
Oe6_s03437	gi|89267063|emb|AM118080.1|	84.73	406	44	14	438	833	249637	249240	5e-104	390
Oe6_s03437	gi|89267063|emb|AM118080.1|	89.32	309	31	2	129	437	31226	31532	7e-103	387
Oe6_s03437	gi|89267063|emb|AM118080.1|	89.32	309	32	1	130	437	418066	418374	7e-103	387
Oe6_s03437	gi|89267063|emb|AM118080.1|	81.42	506	63	20	438	921	26019	26515	2e-102	385
Oe6_s03437	gi|89267063|emb|AM118080.1|	84.48	406	44	17	438	833	378056	377660	9e-102	383
Oe6_s03437	gi|89267063|emb|AM118080.1|	89.03	310	31	3	129	437	159852	160159	3e-101	381
Oe6_s03437	gi|89267063|emb|AM118080.1|	88.67	309	34	1	129	437	287126	286819	1e-99	375
Oe6_s03437	gi|89267063|emb|AM118080.1|	88.42	311	33	3	129	438	219270	218962	2e-98	372
Oe6_s03437	gi|89267063|emb|AM118080.1|	83.61	415	40	20	438	833	371100	371505	3e-96	364
Oe6_s03437	gi|89267063|emb|AM118080.1|	87.95	307	36	1	131	437	518043	518348	4e-95	361
Oe6_s03437	gi|89267063|emb|AM118080.1|	87.46	311	34	5	129	437	316333	316026	7e-93	353
Oe6_s03437	gi|89267063|emb|AM118080.1|	80.20	510	61	20	130	633	344523	344048	1e-90	346
Oe6_s03437	gi|89267063|emb|AM118080.1|	88.97	281	25	5	643	921	30961	30685	2e-89	342
Oe6_s03437	gi|89267063|emb|AM118080.1|	88.01	292	29	5	643	932	33384	33671	5e-89	340
Oe6_s03437	gi|89267063|emb|AM118080.1|	79.70	527	64	25	438	931	66247	66763	5e-89	340
Oe6_s03437	gi|89267063|emb|AM118080.1|	87.10	310	28	10	130	437	193514	193215	5e-89	340
Oe6_s03437	gi|89267063|emb|AM118080.1|	85.84	339	25	10	100	438	339654	339339	2e-88	339
Oe6_s03437	gi|89267063|emb|AM118080.1|	86.15	325	25	15	1033	1341	459500	459820	9e-87	333
Oe6_s03437	gi|89267063|emb|AM118080.1|	87.33	292	31	6	643	932	102794	103081	1e-85	329
Oe6_s03437	gi|89267063|emb|AM118080.1|	85.17	344	26	10	100	442	412397	412078	1e-85	329
Oe6_s03437	gi|89267063|emb|AM118080.1|	79.40	529	57	33	438	932	176206	176716	2e-84	326
Oe6_s03437	gi|89267063|emb|AM118080.1|	85.94	313	35	5	642	949	417505	417197	2e-84	326
Oe6_s03437	gi|89267063|emb|AM118080.1|	85.25	339	25	12	100	437	432353	432667	2e-84	326
Oe6_s03437	gi|89267063|emb|AM118080.1|	91.49	235	14	1	1033	1261	268277	268511	3e-82	318
Oe6_s03437	gi|89267063|emb|AM118080.1|	90.79	239	12	5	1033	1261	459582	459820	4e-80	311
Oe6_s03437	gi|89267063|emb|AM118080.1|	78.81	505	65	35	438	921	158666	158183	3e-77	302
Oe6_s03437	gi|89267063|emb|AM118080.1|	85.34	307	22	10	132	438	136816	137099	1e-75	296
Oe6_s03437	gi|89267063|emb|AM118080.1|	85.39	308	16	11	130	437	357351	357629	2e-74	292
Oe6_s03437	gi|89267063|emb|AM118080.1|	86.07	280	26	7	437	707	205753	205478	2e-73	289
Oe6_s03437	gi|89267063|emb|AM118080.1|	84.54	317	18	17	130	444	175933	175646	3e-72	285
Oe6_s03437	gi|89267063|emb|AM118080.1|	84.47	309	25	10	129	437	263693	263408	9e-72	283
Oe6_s03437	gi|89267063|emb|AM118080.1|	84.74	308	18	11	130	437	348050	348328	3e-71	281
Oe6_s03437	gi|89267063|emb|AM118080.1|	85.36	280	32	9	645	921	517529	517256	3e-71	281
Oe6_s03437	gi|89267063|emb|AM118080.1|	85.20	277	36	4	677	949	284008	283733	1e-70	279
Oe6_s03437	gi|89267063|emb|AM118080.1|	83.60	317	31	17	437	741	391030	390723	4e-70	278
Oe6_s03437	gi|89267063|emb|AM118080.1|	84.09	308	25	12	130	437	19326	19043	2e-69	276
Oe6_s03437	gi|89267063|emb|AM118080.1|	84.09	308	26	10	132	439	55400	55684	2e-69	276
Oe6_s03437	gi|89267063|emb|AM118080.1|	84.09	308	26	10	130	437	66018	65734	2e-69	276
Oe6_s03437	gi|89267063|emb|AM118080.1|	84.42	308	19	11	130	437	307260	307538	2e-69	276
Oe6_s03437	gi|89267063|emb|AM118080.1|	83.44	314	35	15	438	741	379394	379700	2e-69	276
Oe6_s03437	gi|89267063|emb|AM118080.1|	83.44	314	35	15	438	741	460005	459699	2e-69	276
Oe6_s03437	gi|89267063|emb|AM118080.1|	83.87	310	26	11	132	441	121463	121178	6e-69	274
Oe6_s03437	gi|89267063|emb|AM118080.1|	86.61	254	26	7	1092	1341	268262	268511	6e-69	274
Oe6_s03437	gi|89267063|emb|AM118080.1|	84.04	307	26	10	132	438	490504	490787	6e-69	274
Oe6_s03437	gi|89267063|emb|AM118080.1|	83.81	315	22	14	130	444	123431	123716	2e-68	272
Oe6_s03437	gi|89267063|emb|AM118080.1|	85.16	283	22	15	1033	1299	459459	459737	2e-68	272
Oe6_s03437	gi|89267063|emb|AM118080.1|	85.00	280	29	6	437	707	515894	516169	2e-68	272
Oe6_s03437	gi|89267063|emb|AM118080.1|	83.82	309	25	12	130	437	264349	264065	7e-68	270
Oe6_s03437	gi|89267063|emb|AM118080.1|	83.82	309	25	12	130	437	287807	287523	7e-68	270
Oe6_s03437	gi|89267063|emb|AM118080.1|	84.09	308	20	11	130	437	379165	378887	7e-68	270
Oe6_s03437	gi|89267063|emb|AM118080.1|	83.77	308	27	9	130	437	415369	415085	7e-68	270
Oe6_s03437	gi|89267063|emb|AM118080.1|	85.11	282	22	15	1034	1299	459419	459696	7e-68	270
Oe6_s03437	gi|89267063|emb|AM118080.1|	83.87	310	21	14	130	439	74114	74394	3e-67	268
Oe6_s03437	gi|89267063|emb|AM118080.1|	83.87	310	20	16	130	437	268967	269248	3e-67	268
Oe6_s03437	gi|89267063|emb|AM118080.1|	82.97	317	34	17	438	741	319241	319550	3e-67	268
Oe6_s03437	gi|89267063|emb|AM118080.1|	83.66	306	27	10	132	437	185632	185914	9e-67	267
Oe6_s03437	gi|89267063|emb|AM118080.1|	82.70	318	37	17	438	745	247588	247897	9e-67	267
Oe6_s03437	gi|89267063|emb|AM118080.1|	83.77	308	21	14	130	437	152399	152677	3e-66	265
Oe6_s03437	gi|89267063|emb|AM118080.1|	82.70	318	35	18	438	745	268694	268387	3e-66	265
Oe6_s03437	gi|89267063|emb|AM118080.1|	92.11	190	12	3	1073	1259	313183	313372	3e-66	265
Oe6_s03437	gi|89267063|emb|AM118080.1|	83.77	308	21	14	130	437	343378	343656	3e-66	265
Oe6_s03437	gi|89267063|emb|AM118080.1|	83.33	306	28	10	132	437	25788	25506	4e-65	261
Oe6_s03437	gi|89267063|emb|AM118080.1|	82.59	316	34	17	438	741	203540	203846	2e-64	259
Oe6_s03437	gi|89267063|emb|AM118080.1|	83.44	308	22	14	130	437	247314	247036	2e-64	259
Oe6_s03437	gi|89267063|emb|AM118080.1|	83.44	308	22	14	130	437	249866	250144	2e-64	259
Oe6_s03437	gi|89267063|emb|AM118080.1|	83.44	308	22	11	130	437	346943	347221	2e-64	259
Oe6_s03437	gi|89267063|emb|AM118080.1|	83.44	308	22	11	130	437	372830	373108	2e-64	259
Oe6_s03437	gi|89267063|emb|AM118080.1|	83.44	308	22	11	130	437	511964	511686	2e-64	259
Oe6_s03437	gi|89267063|emb|AM118080.1|	82.48	314	38	15	438	741	512193	512499	2e-64	259
Oe6_s03437	gi|89267063|emb|AM118080.1|	85.66	251	28	5	189	439	17752	17994	6e-64	257
Oe6_s03437	gi|89267063|emb|AM118080.1|	83.23	310	23	14	130	439	244490	244210	6e-64	257
Oe6_s03437	gi|89267063|emb|AM118080.1|	91.15	192	14	3	1073	1261	319620	319429	6e-64	257
Oe6_s03437	gi|89267063|emb|AM118080.1|	82.90	310	28	9	130	438	251400	251685	2e-63	255
Oe6_s03437	gi|89267063|emb|AM118080.1|	82.91	316	23	16	130	444	319013	318728	2e-63	255
Oe6_s03437	gi|89267063|emb|AM118080.1|	82.79	308	30	10	130	437	48912	49196	7e-63	254
Oe6_s03437	gi|89267063|emb|AM118080.1|	82.79	308	30	6	130	437	208147	208431	7e-63	254
Oe6_s03437	gi|89267063|emb|AM118080.1|	82.79	308	30	10	130	437	438823	439107	7e-63	254
Oe6_s03437	gi|89267063|emb|AM118080.1|	82.64	311	31	10	130	440	460234	460521	7e-63	254
Oe6_s03437	gi|89267063|emb|AM118080.1|	90.62	192	15	3	1073	1261	342769	342960	3e-62	252
Oe6_s03437	gi|89267063|emb|AM118080.1|	90.62	192	15	3	1073	1261	512569	512378	3e-62	252
Oe6_s03437	gi|89267063|emb|AM118080.1|	89.71	204	10	6	1033	1225	459541	459744	9e-62	250
Oe6_s03437	gi|89267063|emb|AM118080.1|	87.28	228	16	7	442	661	387122	386900	3e-61	248
Oe6_s03437	gi|89267063|emb|AM118080.1|	82.79	308	24	11	130	437	396905	397183	3e-61	248
Oe6_s03437	gi|89267063|emb|AM118080.1|	84.47	264	26	12	438	693	415597	415853	1e-60	246
Oe6_s03437	gi|89267063|emb|AM118080.1|	84.33	268	23	13	438	693	121694	121954	4e-60	244
Oe6_s03437	gi|89267063|emb|AM118080.1|	88.29	205	23	1	233	437	178680	178883	4e-60	244
Oe6_s03437	gi|89267063|emb|AM118080.1|	82.48	314	20	17	130	437	201731	201447	2e-59	243
Oe6_s03437	gi|89267063|emb|AM118080.1|	81.53	314	39	17	438	741	251169	250865	6e-59	241
Oe6_s03437	gi|89267063|emb|AM118080.1|	81.01	316	46	10	100	402	59880	60194	2e-58	239
Oe6_s03437	gi|89267063|emb|AM118080.1|	91.76	170	14	0	1092	1261	247942	247773	7e-58	237
Oe6_s03437	gi|89267063|emb|AM118080.1|	85.59	236	21	13	1073	1299	459424	459655	3e-57	235
Oe6_s03437	gi|89267063|emb|AM118080.1|	81.70	306	33	10	132	437	129408	129126	9e-57	233
Oe6_s03437	gi|89267063|emb|AM118080.1|	94.12	153	9	0	1073	1225	268283	268435	9e-57	233
Oe6_s03437	gi|89267063|emb|AM118080.1|	81.88	309	27	14	130	438	313791	314070	9e-57	233
Oe6_s03437	gi|89267063|emb|AM118080.1|	83.46	266	27	13	438	693	186157	186415	3e-56	231
Oe6_s03437	gi|89267063|emb|AM118080.1|	83.46	266	27	13	438	693	194704	194446	3e-56	231
Oe6_s03437	gi|89267063|emb|AM118080.1|	93.59	156	8	2	1108	1261	390689	390844	3e-56	231
Oe6_s03437	gi|89267063|emb|AM118080.1|	90.50	179	11	5	643	819	516178	516352	3e-56	231
Oe6_s03437	gi|89267063|emb|AM118080.1|	86.45	214	21	6	437	647	59728	59520	4e-55	228
Oe6_s03437	gi|89267063|emb|AM118080.1|	92.95	156	9	2	1108	1261	122815	122970	2e-54	226
Oe6_s03437	gi|89267063|emb|AM118080.1|	85.52	221	24	7	437	653	28002	27786	6e-54	224
Oe6_s03437	gi|89267063|emb|AM118080.1|	82.17	286	28	15	437	706	316560	316838	6e-54	224
Oe6_s03437	gi|89267063|emb|AM118080.1|	82.11	285	28	15	438	706	238563	238840	2e-53	222
Oe6_s03437	gi|89267063|emb|AM118080.1|	88.77	187	14	5	437	620	417838	417656	2e-53	222
Oe6_s03437	gi|89267063|emb|AM118080.1|	84.55	233	26	5	437	661	456309	456539	2e-53	222
Oe6_s03437	gi|89267063|emb|AM118080.1|	92.31	156	10	2	1108	1261	306688	306843	7e-53	220
Oe6_s03437	gi|89267063|emb|AM118080.1|	92.36	157	9	3	1108	1261	347476	347632	7e-53	220
Oe6_s03437	gi|89267063|emb|AM118080.1|	92.31	156	10	2	1108	1261	372257	372412	7e-53	220
Oe6_s03437	gi|89267063|emb|AM118080.1|	80.70	316	31	12	643	932	27687	27376	3e-52	219
Oe6_s03437	gi|89267063|emb|AM118080.1|	88.95	181	14	5	643	821	59466	59290	3e-52	219
Oe6_s03437	gi|89267063|emb|AM118080.1|	80.89	314	29	12	647	932	340064	340374	3e-52	219
Oe6_s03437	gi|89267063|emb|AM118080.1|	90.36	166	14	2	1098	1261	250821	250986	1e-51	217
Oe6_s03437	gi|89267063|emb|AM118080.1|	84.35	230	24	7	437	658	102476	102701	3e-51	215
Oe6_s03437	gi|89267063|emb|AM118080.1|	91.67	156	11	2	1108	1261	379734	379579	3e-51	215
Oe6_s03437	gi|89267063|emb|AM118080.1|	81.78	269	31	17	437	693	103180	103442	2e-49	209
Oe6_s03437	gi|89267063|emb|AM118080.1|	91.03	156	12	2	1108	1261	203880	203725	2e-49	209
Oe6_s03437	gi|89267063|emb|AM118080.1|	90.24	164	10	1	1033	1190	268317	268480	2e-49	209
Oe6_s03437	gi|89267063|emb|AM118080.1|	83.69	233	26	7	437	661	284403	284175	2e-49	209
Oe6_s03437	gi|89267063|emb|AM118080.1|	87.85	181	16	5	643	821	205469	205293	6e-49	207
Oe6_s03437	gi|89267063|emb|AM118080.1|	90.45	157	15	0	765	921	489638	489482	6e-49	207
Oe6_s03437	gi|89267063|emb|AM118080.1|	89.82	167	8	4	1033	1190	459623	459789	2e-48	206
Oe6_s03437	gi|89267063|emb|AM118080.1|	81.72	268	30	13	437	692	491109	490849	2e-48	206
Oe6_s03437	gi|89267063|emb|AM118080.1|	81.05	285	31	15	438	706	517818	517541	2e-48	206
Oe6_s03437	gi|89267063|emb|AM118080.1|	83.19	232	27	6	438	661	193743	193970	3e-47	202
Oe6_s03437	gi|89267063|emb|AM118080.1|	83.12	231	28	8	437	661	33069	33294	1e-46	200
Oe6_s03437	gi|89267063|emb|AM118080.1|	89.16	166	9	4	1034	1190	313178	313343	3e-46	198
Oe6_s03437	gi|89267063|emb|AM118080.1|	79.17	312	42	19	438	735	412552	412854	4e-45	195
Oe6_s03437	gi|89267063|emb|AM118080.1|	78.15	325	55	12	94	404	205901	206223	2e-44	193
Oe6_s03437	gi|89267063|emb|AM118080.1|	83.96	212	22	10	1135	1339	313166	313372	2e-44	193
Oe6_s03437	gi|89267063|emb|AM118080.1|	85.00	200	18	12	1108	1299	459419	459614	2e-44	193
Oe6_s03437	gi|89267063|emb|AM118080.1|	78.37	319	54	11	100	404	515742	515425	2e-44	193
Oe6_s03437	gi|89267063|emb|AM118080.1|	91.85	135	10	1	1128	1261	176523	176389	7e-43	187
Oe6_s03437	gi|89267063|emb|AM118080.1|	83.74	203	27	6	1143	1341	342760	342960	7e-43	187
Oe6_s03437	gi|89267063|emb|AM118080.1|	82.41	216	36	2	719	932	386778	386563	7e-43	187
Oe6_s03437	gi|89267063|emb|AM118080.1|	81.53	249	22	7	189	437	16217	15993	1e-41	183
Oe6_s03437	gi|89267063|emb|AM118080.1|	84.34	198	20	9	1151	1341	319622	319429	1e-41	183
Oe6_s03437	gi|89267063|emb|AM118080.1|	79.14	302	34	11	647	921	19812	20111	3e-41	182
Oe6_s03437	gi|89267063|emb|AM118080.1|	87.73	163	11	4	1037	1190	319622	319460	3e-41	182
Oe6_s03437	gi|89267063|emb|AM118080.1|	87.35	166	12	4	1034	1190	342764	342929	3e-41	182
Oe6_s03437	gi|89267063|emb|AM118080.1|	81.09	238	34	7	1108	1342	422121	421892	1e-40	180
Oe6_s03437	gi|89267063|emb|AM118080.1|	93.39	121	5	3	1108	1225	313178	313298	2e-39	176
Oe6_s03437	gi|89267063|emb|AM118080.1|	82.76	203	29	6	1143	1341	512578	512378	2e-39	176
Oe6_s03437	gi|89267063|emb|AM118080.1|	87.12	163	12	4	1037	1190	512571	512409	2e-39	176
Oe6_s03437	gi|89267063|emb|AM118080.1|	80.77	260	18	17	181	437	203236	203466	6e-39	174
Oe6_s03437	gi|89267063|emb|AM118080.1|	85.00	180	17	7	437	610	209382	209207	6e-39	174
Oe6_s03437	gi|89267063|emb|AM118080.1|	92.50	120	7	2	1143	1261	73536	73654	8e-38	171
Oe6_s03437	gi|89267063|emb|AM118080.1|	92.50	120	7	2	1143	1261	136279	136397	8e-38	171
Oe6_s03437	gi|89267063|emb|AM118080.1|	89.63	135	13	1	1128	1261	202164	202298	8e-38	171
Oe6_s03437	gi|89267063|emb|AM118080.1|	92.44	119	9	0	1073	1191	247921	247803	8e-38	171
Oe6_s03437	gi|89267063|emb|AM118080.1|	92.50	120	7	2	1143	1261	264884	264766	8e-38	171
Oe6_s03437	gi|89267063|emb|AM118080.1|	92.56	121	6	3	1108	1225	342764	342884	8e-38	171
Oe6_s03437	gi|89267063|emb|AM118080.1|	92.50	120	7	2	1073	1190	390694	390813	8e-38	171
Oe6_s03437	gi|89267063|emb|AM118080.1|	92.50	120	7	2	1143	1261	489967	490085	8e-38	171
Oe6_s03437	gi|89267063|emb|AM118080.1|	84.07	182	19	6	1163	1341	194345	194519	1e-36	167
Oe6_s03437	gi|89267063|emb|AM118080.1|	82.83	198	22	10	437	626	260568	260375	1e-36	167
Oe6_s03437	gi|89267063|emb|AM118080.1|	84.97	173	17	6	438	605	263896	264064	1e-36	167
Oe6_s03437	gi|89267063|emb|AM118080.1|	80.17	242	32	10	1108	1341	265427	265194	1e-36	167
Oe6_s03437	gi|89267063|emb|AM118080.1|	84.36	179	19	8	1128	1301	268257	268431	1e-36	167
Oe6_s03437	gi|89267063|emb|AM118080.1|	84.97	173	17	6	438	605	287354	287522	1e-36	167
Oe6_s03437	gi|89267063|emb|AM118080.1|	91.67	120	8	2	1143	1261	26320	26202	3e-36	165
Oe6_s03437	gi|89267063|emb|AM118080.1|	91.67	120	8	2	1073	1190	122820	122939	3e-36	165
Oe6_s03437	gi|89267063|emb|AM118080.1|	91.67	120	8	2	1073	1190	347481	347600	3e-36	165
Oe6_s03437	gi|89267063|emb|AM118080.1|	90.24	123	12	0	129	251	158894	159016	5e-35	161
Oe6_s03437	gi|89267063|emb|AM118080.1|	85.90	156	17	4	1108	1259	340153	339999	5e-35	161
Oe6_s03437	gi|89267063|emb|AM118080.1|	90.83	120	9	2	1143	1261	54863	54981	2e-34	159
Oe6_s03437	gi|89267063|emb|AM118080.1|	90.83	120	9	2	1143	1261	249334	249452	2e-34	159
Oe6_s03437	gi|89267063|emb|AM118080.1|	90.83	120	9	2	1073	1190	306693	306812	2e-34	159
Oe6_s03437	gi|89267063|emb|AM118080.1|	91.53	118	7	3	1111	1225	319622	319505	2e-34	159
Oe6_s03437	gi|89267063|emb|AM118080.1|	90.83	120	9	2	1073	1190	372262	372381	2e-34	159
Oe6_s03437	gi|89267063|emb|AM118080.1|	82.97	182	25	5	442	621	391105	391282	2e-34	159
Oe6_s03437	gi|89267063|emb|AM118080.1|	82.29	192	24	8	1073	1261	186526	186342	6e-34	158
Oe6_s03437	gi|89267063|emb|AM118080.1|	82.97	182	21	7	1163	1341	159260	159434	2e-33	156
Oe6_s03437	gi|89267063|emb|AM118080.1|	90.00	120	10	2	1143	1261	48469	48351	8e-33	154
Oe6_s03437	gi|89267063|emb|AM118080.1|	90.00	120	10	2	1073	1190	151832	151951	8e-33	154
Oe6_s03437	gi|89267063|emb|AM118080.1|	84.81	158	19	4	1108	1261	207572	207728	8e-33	154
Oe6_s03437	gi|89267063|emb|AM118080.1|	90.00	120	10	2	1073	1190	250836	250955	8e-33	154
Oe6_s03437	gi|89267063|emb|AM118080.1|	90.00	120	10	2	1073	1190	379729	379610	8e-33	154
Oe6_s03437	gi|89267063|emb|AM118080.1|	84.81	158	19	4	1108	1261	412896	412740	8e-33	154
Oe6_s03437	gi|89267063|emb|AM118080.1|	89.92	119	10	2	1074	1190	203874	203756	3e-32	152
Oe6_s03437	gi|89267063|emb|AM118080.1|	81.77	192	26	5	1073	1263	422074	421891	3e-32	152
Oe6_s03437	gi|89267063|emb|AM118080.1|	82.68	179	22	7	1168	1341	247947	247773	1e-31	150
Oe6_s03437	gi|89267063|emb|AM118080.1|	90.08	121	4	3	1033	1145	459664	459784	1e-31	150
Oe6_s03437	gi|89267063|emb|AM118080.1|	82.26	186	19	8	1163	1341	122055	121877	4e-31	148
Oe6_s03437	gi|89267063|emb|AM118080.1|	91.15	113	4	1	1033	1139	247927	247815	4e-31	148
Oe6_s03437	gi|89267063|emb|AM118080.1|	91.15	113	4	1	1033	1139	268357	268469	4e-31	148
Oe6_s03437	gi|89267063|emb|AM118080.1|	90.00	120	4	3	1034	1145	390689	390808	4e-31	148
Oe6_s03437	gi|89267063|emb|AM118080.1|	86.03	136	18	1	797	932	248051	248185	5e-30	145
Oe6_s03437	gi|89267063|emb|AM118080.1|	89.26	121	5	3	1033	1145	313218	313338	5e-30	145
Oe6_s03437	gi|89267063|emb|AM118080.1|	88.33	120	12	2	1143	1261	66548	66430	2e-29	143
Oe6_s03437	gi|89267063|emb|AM118080.1|	89.17	120	5	3	1034	1145	122815	122934	2e-29	143
Oe6_s03437	gi|89267063|emb|AM118080.1|	88.33	120	12	2	1143	1261	185086	185204	2e-29	143
Oe6_s03437	gi|89267063|emb|AM118080.1|	89.17	120	5	3	1034	1145	347476	347595	2e-29	143
Oe6_s03437	gi|89267063|emb|AM118080.1|	83.54	158	21	4	1108	1261	431854	432010	2e-29	143
Oe6_s03437	gi|89267063|emb|AM118080.1|	86.03	136	13	6	437	569	250179	250311	6e-29	141
Oe6_s03437	gi|89267063|emb|AM118080.1|	91.92	99	8	0	1092	1190	176518	176420	2e-28	139
Oe6_s03437	gi|89267063|emb|AM118080.1|	88.43	121	6	3	1033	1145	319585	319465	2e-28	139
Oe6_s03437	gi|89267063|emb|AM118080.1|	88.43	121	6	3	1033	1145	512534	512414	2e-28	139
Oe6_s03437	gi|89267063|emb|AM118080.1|	91.92	99	7	1	1128	1225	247947	247849	8e-28	137
Oe6_s03437	gi|89267063|emb|AM118080.1|	88.33	120	6	3	1034	1145	306688	306807	8e-28	137
Oe6_s03437	gi|89267063|emb|AM118080.1|	81.77	181	17	11	1168	1341	316917	316746	8e-28	137
Oe6_s03437	gi|89267063|emb|AM118080.1|	88.33	120	6	3	1034	1145	372257	372376	8e-28	137
Oe6_s03437	gi|89267063|emb|AM118080.1|	83.12	160	17	8	1188	1341	390689	390844	8e-28	137
Oe6_s03437	gi|89267063|emb|AM118080.1|	86.40	125	16	1	797	921	422218	422341	3e-27	135
Oe6_s03437	gi|89267063|emb|AM118080.1|	81.46	178	19	8	1166	1336	18872	19042	1e-26	134
Oe6_s03437	gi|89267063|emb|AM118080.1|	90.91	99	9	0	1092	1190	245081	244983	1e-26	134
Oe6_s03437	gi|89267063|emb|AM118080.1|	81.50	173	21	9	1175	1341	122803	122970	4e-26	132
Oe6_s03437	gi|89267063|emb|AM118080.1|	82.50	160	18	8	1188	1341	203880	203725	4e-26	132
Oe6_s03437	gi|89267063|emb|AM118080.1|	87.50	120	7	3	1034	1145	379734	379615	4e-26	132
Oe6_s03437	gi|89267063|emb|AM118080.1|	81.93	166	21	5	1163	1327	386736	386893	4e-26	132
Oe6_s03437	gi|89267063|emb|AM118080.1|	82.32	164	17	12	1143	1299	459415	459573	4e-26	132
Oe6_s03437	gi|89267063|emb|AM118080.1|	80.11	181	28	6	1083	1261	159260	159434	5e-25	128
Oe6_s03437	gi|89267063|emb|AM118080.1|	81.03	174	21	9	1092	1261	194354	194519	5e-25	128
Oe6_s03437	gi|89267063|emb|AM118080.1|	94.05	84	5	0	1092	1175	202169	202252	5e-25	128
Oe6_s03437	gi|89267063|emb|AM118080.1|	87.83	115	6	3	1033	1139	250830	250944	5e-25	128
Oe6_s03437	gi|89267063|emb|AM118080.1|	86.96	115	14	1	797	911	265560	265673	5e-25	128
Oe6_s03437	gi|89267063|emb|AM118080.1|	86.78	121	8	3	1033	1145	342804	342924	5e-25	128
Oe6_s03437	gi|89267063|emb|AM118080.1|	86.67	120	8	3	1034	1145	203880	203761	2e-24	126
Oe6_s03437	gi|89267063|emb|AM118080.1|	78.07	228	30	15	1123	1341	238964	238748	2e-24	126
Oe6_s03437	gi|89267063|emb|AM118080.1|	79.49	195	26	9	1073	1261	265380	265194	2e-24	126
Oe6_s03437	gi|89267063|emb|AM118080.1|	80.92	173	22	9	1175	1341	306676	306843	2e-24	126
Oe6_s03437	gi|89267063|emb|AM118080.1|	81.99	161	18	9	1188	1341	347476	347632	2e-24	126
Oe6_s03437	gi|89267063|emb|AM118080.1|	81.88	160	19	8	1188	1341	372257	372412	2e-24	126
Oe6_s03437	gi|89267063|emb|AM118080.1|	81.88	160	19	8	1188	1341	379734	379579	2e-24	126
Oe6_s03437	gi|89267063|emb|AM118080.1|	96.05	76	3	0	1266	1341	26277	26202	6e-24	124
Oe6_s03437	gi|89267063|emb|AM118080.1|	96.05	76	3	0	1266	1341	73579	73654	6e-24	124
Oe6_s03437	gi|89267063|emb|AM118080.1|	91.40	93	5	3	1135	1225	122803	122894	6e-24	124
Oe6_s03437	gi|89267063|emb|AM118080.1|	96.05	76	3	0	1266	1341	136322	136397	6e-24	124
Oe6_s03437	gi|89267063|emb|AM118080.1|	91.40	93	5	3	96	188	219349	219260	6e-24	124
Oe6_s03437	gi|89267063|emb|AM118080.1|	96.05	76	3	0	1266	1341	264841	264766	6e-24	124
Oe6_s03437	gi|89267063|emb|AM118080.1|	92.86	84	5	1	1108	1190	73540	73623	8e-23	121
Oe6_s03437	gi|89267063|emb|AM118080.1|	92.86	84	5	1	1108	1190	136283	136366	8e-23	121
Oe6_s03437	gi|89267063|emb|AM118080.1|	80.47	169	23	8	1179	1341	250822	250986	8e-23	121
Oe6_s03437	gi|89267063|emb|AM118080.1|	92.86	84	5	1	1108	1190	264880	264797	8e-23	121
Oe6_s03437	gi|89267063|emb|AM118080.1|	80.95	168	19	9	1083	1247	386736	386893	8e-23	121
Oe6_s03437	gi|89267063|emb|AM118080.1|	94.74	76	4	0	1266	1341	48426	48351	3e-22	119
Oe6_s03437	gi|89267063|emb|AM118080.1|	94.74	76	4	0	1266	1341	54906	54981	3e-22	119
Oe6_s03437	gi|89267063|emb|AM118080.1|	90.32	93	5	4	96	188	159774	159862	3e-22	119
Oe6_s03437	gi|89267063|emb|AM118080.1|	81.88	149	19	7	437	580	184078	184223	3e-22	119
Oe6_s03437	gi|89267063|emb|AM118080.1|	94.74	76	4	0	1266	1341	249377	249452	3e-22	119
Oe6_s03437	gi|89267063|emb|AM118080.1|	92.77	83	5	1	96	178	251321	251402	3e-22	119
Oe6_s03437	gi|89267063|emb|AM118080.1|	94.74	76	4	0	1266	1341	490010	490085	3e-22	119
Oe6_s03437	gi|89267063|emb|AM118080.1|	83.21	137	13	9	436	569	353679	353808	1e-21	117
Oe6_s03437	gi|89267063|emb|AM118080.1|	91.67	84	6	1	1108	1190	26316	26233	4e-21	115
Oe6_s03437	gi|89267063|emb|AM118080.1|	78.53	191	29	7	1139	1327	27590	27770	4e-21	115
Oe6_s03437	gi|89267063|emb|AM118080.1|	91.76	85	4	3	1143	1225	151823	151906	4e-21	115
Oe6_s03437	gi|89267063|emb|AM118080.1|	94.59	74	4	0	1268	1341	220143	220216	4e-21	115
Oe6_s03437	gi|89267063|emb|AM118080.1|	91.67	84	6	1	1108	1190	249338	249421	4e-21	115
Oe6_s03437	gi|89267063|emb|AM118080.1|	83.46	133	12	6	1187	1318	284036	284159	4e-21	115
Oe6_s03437	gi|89267063|emb|AM118080.1|	79.44	180	23	12	452	624	285850	286022	4e-21	115
Oe6_s03437	gi|89267063|emb|AM118080.1|	91.67	84	6	1	1108	1190	356824	356907	4e-21	115
Oe6_s03437	gi|89267063|emb|AM118080.1|	91.76	85	4	3	1143	1225	372253	372336	4e-21	115
Oe6_s03437	gi|89267063|emb|AM118080.1|	91.76	85	4	3	1143	1225	390685	390768	4e-21	115
Oe6_s03437	gi|89267063|emb|AM118080.1|	94.59	74	4	0	1268	1341	415853	415780	4e-21	115
Oe6_s03437	gi|89267063|emb|AM118080.1|	87.00	100	13	0	132	231	47932	47833	1e-20	113
Oe6_s03437	gi|89267063|emb|AM118080.1|	93.42	76	5	0	1266	1341	176464	176389	1e-20	113
Oe6_s03437	gi|89267063|emb|AM118080.1|	85.45	110	14	2	1083	1190	186557	186448	1e-20	113
Oe6_s03437	gi|89267063|emb|AM118080.1|	93.42	76	5	0	1266	1341	207653	207728	1e-20	113
Oe6_s03437	gi|89267063|emb|AM118080.1|	92.41	79	6	0	100	178	208071	208149	1e-20	113
Oe6_s03437	gi|89267063|emb|AM118080.1|	93.42	76	5	0	1266	1341	412815	412740	1e-20	113
Oe6_s03437	gi|89267063|emb|AM118080.1|	85.34	116	10	7	437	549	419706	419595	1e-20	113
Oe6_s03437	gi|89267063|emb|AM118080.1|	94.52	73	3	1	1074	1145	136289	136361	5e-20	111
Oe6_s03437	gi|89267063|emb|AM118080.1|	94.52	73	3	1	1074	1145	264874	264802	5e-20	111
Oe6_s03437	gi|89267063|emb|AM118080.1|	78.38	185	28	7	1083	1261	122055	121877	2e-19	110
Oe6_s03437	gi|89267063|emb|AM118080.1|	90.48	84	7	1	96	178	238414	238331	2e-19	110
Oe6_s03437	gi|89267063|emb|AM118080.1|	82.01	139	16	8	1168	1301	268257	268391	2e-19	110
Oe6_s03437	gi|89267063|emb|AM118080.1|	81.56	141	18	4	1107	1247	284036	284168	2e-19	110
Oe6_s03437	gi|89267063|emb|AM118080.1|	78.89	180	24	9	1088	1261	316917	316746	2e-19	110
Oe6_s03437	gi|89267063|emb|AM118080.1|	90.59	85	5	3	1143	1225	347472	347555	2e-19	110
Oe6_s03437	gi|89267063|emb|AM118080.1|	90.48	84	6	2	96	178	347970	348052	2e-19	110
Oe6_s03437	gi|89267063|emb|AM118080.1|	91.46	82	3	4	437	516	454741	454820	2e-19	110
Oe6_s03437	gi|89267063|emb|AM118080.1|	92.11	76	6	0	1266	1341	66505	66430	6e-19	108
Oe6_s03437	gi|89267063|emb|AM118080.1|	93.24	74	4	1	1073	1145	73545	73618	6e-19	108
Oe6_s03437	gi|89267063|emb|AM118080.1|	95.52	67	3	0	1073	1139	176497	176431	6e-19	108
Oe6_s03437	gi|89267063|emb|AM118080.1|	92.11	76	6	0	1266	1341	185129	185204	6e-19	108
Oe6_s03437	gi|89267063|emb|AM118080.1|	93.15	73	5	0	1269	1341	245024	244952	6e-19	108
Oe6_s03437	gi|89267063|emb|AM118080.1|	88.17	93	8	3	1135	1225	306676	306767	6e-19	108
Oe6_s03437	gi|89267063|emb|AM118080.1|	92.11	76	6	0	1266	1341	431935	432010	6e-19	108
Oe6_s03437	gi|89267063|emb|AM118080.1|	93.15	73	4	1	1074	1145	26310	26238	2e-18	106
Oe6_s03437	gi|89267063|emb|AM118080.1|	96.83	63	2	0	1073	1135	202190	202252	2e-18	106
Oe6_s03437	gi|89267063|emb|AM118080.1|	93.15	73	4	1	1074	1145	249344	249416	2e-18	106
Oe6_s03437	gi|89267063|emb|AM118080.1|	81.43	140	17	5	1163	1301	456697	456566	2e-18	106
Oe6_s03437	gi|89267063|emb|AM118080.1|	80.00	150	22	4	1098	1247	27629	27770	8e-18	104
Oe6_s03437	gi|89267063|emb|AM118080.1|	89.41	85	6	3	1143	1225	203884	203801	8e-18	104
Oe6_s03437	gi|89267063|emb|AM118080.1|	83.76	117	11	5	1032	1145	284035	284146	8e-18	104
Oe6_s03437	gi|89267063|emb|AM118080.1|	91.89	74	6	0	1266	1339	340072	339999	8e-18	104
Oe6_s03437	gi|89267063|emb|AM118080.1|	89.29	84	7	2	96	178	379245	379163	8e-18	104
Oe6_s03437	gi|89267063|emb|AM118080.1|	83.76	117	11	5	1032	1145	417454	417565	8e-18	104
Oe6_s03437	gi|89267063|emb|AM118080.1|	81.12	143	15	8	1107	1247	417455	417587	8e-18	104
Oe6_s03437	gi|89267063|emb|AM118080.1|	94.03	67	4	0	1073	1139	245060	244994	3e-17	102
Oe6_s03437	gi|89267063|emb|AM118080.1|	90.00	80	6	2	1148	1225	250831	250910	3e-17	102
Oe6_s03437	gi|89267063|emb|AM118080.1|	92.96	71	4	1	1076	1145	489979	490049	3e-17	102
Oe6_s03437	gi|89267063|emb|AM118080.1|	84.62	104	14	2	167	270	496940	496839	3e-17	102
Oe6_s03437	gi|89267063|emb|AM118080.1|	91.78	73	5	1	1074	1145	54873	54945	1e-16	100
Oe6_s03437	gi|89267063|emb|AM118080.1|	89.47	76	8	0	1266	1341	202223	202298	1e-15	97.1
Oe6_s03437	gi|89267063|emb|AM118080.1|	92.65	68	4	1	1073	1139	207619	207686	1e-15	97.1
Oe6_s03437	gi|89267063|emb|AM118080.1|	92.65	68	4	1	1073	1139	340106	340039	1e-15	97.1
Oe6_s03437	gi|89267063|emb|AM118080.1|	92.54	67	5	0	438	504	346714	346648	1e-15	97.1
Oe6_s03437	gi|89267063|emb|AM118080.1|	92.65	68	4	1	1073	1139	412849	412782	1e-15	97.1
Oe6_s03437	gi|89267063|emb|AM118080.1|	90.41	73	6	1	1074	1145	48459	48387	5e-15	95.3
Oe6_s03437	gi|89267063|emb|AM118080.1|	94.83	58	3	0	41	98	48701	48758	6e-14	91.6
Oe6_s03437	gi|89267063|emb|AM118080.1|	91.18	68	5	1	1073	1139	66539	66472	6e-14	91.6
Oe6_s03437	gi|89267063|emb|AM118080.1|	91.18	68	5	1	1073	1139	185095	185162	6e-14	91.6
Oe6_s03437	gi|89267063|emb|AM118080.1|	94.83	58	3	0	41	98	249071	249014	6e-14	91.6
Oe6_s03437	gi|89267063|emb|AM118080.1|	94.83	58	3	0	41	98	413143	413200	6e-14	91.6
Oe6_s03437	gi|89267063|emb|AM118080.1|	91.18	68	5	1	1073	1139	431901	431968	6e-14	91.6
Oe6_s03437	gi|89267063|emb|AM118080.1|	96.30	54	2	0	437	490	31024	30971	2e-13	89.8
Oe6_s03437	gi|89267063|emb|AM118080.1|	79.05	148	18	5	797	931	73443	73296	2e-13	89.8
Oe6_s03437	gi|89267063|emb|AM118080.1|	94.74	57	3	0	41	97	319858	319914	2e-13	89.8
Oe6_s03437	gi|89267063|emb|AM118080.1|	87.06	85	4	2	1033	1110	390729	390813	2e-13	89.8
Oe6_s03437	gi|89267063|emb|AM118080.1|	94.74	57	3	0	41	97	416088	416144	2e-13	89.8
Oe6_s03437	gi|89267063|emb|AM118080.1|	94.74	57	3	0	41	97	431607	431551	2e-13	89.8
Oe6_s03437	gi|89267063|emb|AM118080.1|	79.29	140	20	5	1083	1221	456697	456566	2e-13	89.8
Oe6_s03437	gi|89267063|emb|AM118080.1|	87.06	85	4	2	1033	1110	459705	459789	2e-13	89.8
Oe6_s03437	gi|89267063|emb|AM118080.1|	94.64	56	3	0	41	96	66790	66845	8e-13	87.9
Oe6_s03437	gi|89267063|emb|AM118080.1|	94.64	56	3	0	41	96	356588	356533	8e-13	87.9
Oe6_s03437	gi|89267063|emb|AM118080.1|	94.55	55	3	0	41	95	26552	26606	3e-12	86.1
Oe6_s03437	gi|89267063|emb|AM118080.1|	81.67	120	7	10	1033	1144	122030	121918	3e-12	86.1
Oe6_s03437	gi|89267063|emb|AM118080.1|	93.22	59	3	1	1168	1225	176523	176465	3e-12	86.1
Oe6_s03437	gi|89267063|emb|AM118080.1|	93.22	59	3	1	1168	1225	202164	202222	3e-12	86.1
Oe6_s03437	gi|89267063|emb|AM118080.1|	100.00	46	0	0	1033	1078	202184	202229	3e-12	86.1
Oe6_s03437	gi|89267063|emb|AM118080.1|	94.55	55	3	0	41	95	207325	207271	3e-12	86.1
Oe6_s03437	gi|89267063|emb|AM118080.1|	93.22	59	3	1	1168	1225	245086	245028	3e-12	86.1
Oe6_s03437	gi|89267063|emb|AM118080.1|	85.88	85	6	1	1033	1111	247887	247803	3e-12	86.1
Oe6_s03437	gi|89267063|emb|AM118080.1|	94.55	55	3	0	41	95	250581	250527	3e-12	86.1
Oe6_s03437	gi|89267063|emb|AM118080.1|	81.36	118	10	8	1033	1145	316897	316787	3e-12	86.1
Oe6_s03437	gi|89267063|emb|AM118080.1|	94.55	55	3	0	41	95	340400	340454	3e-12	86.1
Oe6_s03437	gi|89267063|emb|AM118080.1|	94.55	55	3	0	41	95	372031	371977	3e-12	86.1
Oe6_s03437	gi|89267063|emb|AM118080.1|	90.62	64	6	0	1264	1327	386758	386821	3e-12	86.1
Oe6_s03437	gi|89267063|emb|AM118080.1|	91.80	61	5	0	1267	1327	417455	417515	3e-12	86.1
Oe6_s03437	gi|89267063|emb|AM118080.1|	81.03	116	14	5	1033	1145	422039	421929	3e-12	86.1
Oe6_s03437	gi|89267063|emb|AM118080.1|	85.71	84	6	1	1033	1110	176503	176420	1e-11	84.2
Oe6_s03437	gi|89267063|emb|AM118080.1|	77.38	168	20	10	1033	1190	186532	186373	1e-11	84.2
Oe6_s03437	gi|89267063|emb|AM118080.1|	85.71	84	6	1	1033	1110	245066	244983	1e-11	84.2
Oe6_s03437	gi|89267063|emb|AM118080.1|	85.71	84	6	1	1033	1110	268397	268480	1e-11	84.2
Oe6_s03437	gi|89267063|emb|AM118080.1|	85.88	85	5	2	1033	1110	306728	306812	1e-11	84.2
Oe6_s03437	gi|89267063|emb|AM118080.1|	85.88	85	5	2	1033	1110	347516	347600	1e-11	84.2
Oe6_s03437	gi|89267063|emb|AM118080.1|	80.83	120	8	10	1033	1144	18894	19006	1e-10	80.5
Oe6_s03437	gi|89267063|emb|AM118080.1|	88.24	68	6	2	1163	1228	186557	186490	1e-10	80.5
Oe6_s03437	gi|89267063|emb|AM118080.1|	80.51	118	11	8	1033	1145	238899	238789	1e-10	80.5
Oe6_s03437	gi|89267063|emb|AM118080.1|	80.17	116	15	5	1033	1145	265345	265235	1e-10	80.5
Oe6_s03437	gi|89267063|emb|AM118080.1|	90.16	61	6	0	1264	1324	265857	265797	1e-10	80.5
Oe6_s03437	gi|89267063|emb|AM118080.1|	90.16	61	6	0	1267	1327	284036	284096	1e-10	80.5
Oe6_s03437	gi|89267063|emb|AM118080.1|	80.17	116	15	5	1033	1145	386761	386871	1e-10	80.5
Oe6_s03437	gi|89267063|emb|AM118080.1|	90.16	61	6	0	1264	1324	456675	456615	1e-10	80.5
Oe6_s03437	gi|89267063|emb|AM118080.1|	84.71	85	6	2	1033	1110	250871	250955	5e-10	78.7
Oe6_s03437	gi|89267063|emb|AM118080.1|	97.78	45	1	0	797	841	379831	379875	5e-10	78.7
Oe6_s03437	gi|89267063|emb|AM118080.1|	97.73	44	1	0	1033	1076	26276	26233	2e-09	76.8
Oe6_s03437	gi|89267063|emb|AM118080.1|	97.73	44	1	0	1033	1076	73580	73623	2e-09	76.8
Oe6_s03437	gi|89267063|emb|AM118080.1|	97.73	44	1	0	1033	1076	122896	122939	2e-09	76.8
Oe6_s03437	gi|89267063|emb|AM118080.1|	97.73	44	1	0	1033	1076	136323	136366	2e-09	76.8
Oe6_s03437	gi|89267063|emb|AM118080.1|	85.00	80	7	4	1267	1341	158404	158483	2e-09	76.8
Oe6_s03437	gi|89267063|emb|AM118080.1|	80.00	110	17	5	1033	1139	159285	159392	2e-09	76.8
Oe6_s03437	gi|89267063|emb|AM118080.1|	97.73	44	1	0	1033	1076	203799	203756	2e-09	76.8
Oe6_s03437	gi|89267063|emb|AM118080.1|	85.53	76	7	3	1267	1338	219764	219689	2e-09	76.8
Oe6_s03437	gi|89267063|emb|AM118080.1|	97.73	44	1	0	1033	1076	249378	249421	2e-09	76.8
Oe6_s03437	gi|89267063|emb|AM118080.1|	97.73	44	1	0	1033	1076	264840	264797	2e-09	76.8
Oe6_s03437	gi|89267063|emb|AM118080.1|	87.69	65	8	0	1179	1243	265862	265798	2e-09	76.8
Oe6_s03437	gi|89267063|emb|AM118080.1|	97.73	44	1	0	1033	1076	306769	306812	2e-09	76.8
Oe6_s03437	gi|89267063|emb|AM118080.1|	97.73	44	1	0	1033	1076	313300	313343	2e-09	76.8
Oe6_s03437	gi|89267063|emb|AM118080.1|	97.73	44	1	0	1033	1076	319503	319460	2e-09	76.8
Oe6_s03437	gi|89267063|emb|AM118080.1|	97.73	44	1	0	1033	1076	347557	347600	2e-09	76.8
Oe6_s03437	gi|89267063|emb|AM118080.1|	84.52	84	6	2	1034	1110	356824	356907	2e-09	76.8
Oe6_s03437	gi|89267063|emb|AM118080.1|	97.73	44	1	0	1033	1076	372338	372381	2e-09	76.8
Oe6_s03437	gi|89267063|emb|AM118080.1|	97.73	44	1	0	1033	1076	379653	379610	2e-09	76.8
Oe6_s03437	gi|89267063|emb|AM118080.1|	97.73	44	1	0	1033	1076	390770	390813	2e-09	76.8
Oe6_s03437	gi|89267063|emb|AM118080.1|	97.73	44	1	0	1033	1076	459746	459789	2e-09	76.8
Oe6_s03437	gi|89267063|emb|AM118080.1|	97.73	44	1	0	1033	1076	512452	512409	2e-09	76.8
Oe6_s03437	gi|89267063|emb|AM118080.1|	88.52	61	7	0	1264	1324	27635	27695	6e-09	75.0
Oe6_s03437	gi|89267063|emb|AM118080.1|	88.52	61	7	0	1264	1324	159282	159342	6e-09	75.0
Oe6_s03437	gi|89267063|emb|AM118080.1|	97.67	43	1	0	1034	1076	238826	238784	6e-09	75.0
Oe6_s03437	gi|89267063|emb|AM118080.1|	88.52	61	7	0	1264	1324	265348	265288	6e-09	75.0
Oe6_s03437	gi|89267063|emb|AM118080.1|	84.42	77	11	1	1168	1243	281095	281171	6e-09	75.0
Oe6_s03437	gi|89267063|emb|AM118080.1|	88.52	61	7	0	1264	1324	281112	281172	6e-09	75.0
Oe6_s03437	gi|89267063|emb|AM118080.1|	97.67	43	1	0	1034	1076	284109	284151	6e-09	75.0
Oe6_s03437	gi|89267063|emb|AM118080.1|	97.67	43	1	0	1034	1076	316824	316782	6e-09	75.0
Oe6_s03437	gi|89267063|emb|AM118080.1|	88.52	61	7	0	1264	1324	316900	316840	6e-09	75.0
Oe6_s03437	gi|89267063|emb|AM118080.1|	88.52	61	7	0	1264	1324	422042	421982	6e-09	75.0
Oe6_s03437	gi|89267063|emb|AM118080.1|	79.34	121	14	9	1188	1301	459419	459535	6e-09	75.0
Oe6_s03437	gi|89267063|emb|AM118080.1|	100.00	39	0	0	1266	1304	202183	202221	2e-08	73.1
Oe6_s03437	gi|89267063|emb|AM118080.1|	79.46	112	15	5	1033	1141	456672	456566	2e-08	73.1
Oe6_s03437	gi|89267063|emb|AM118080.1|	95.45	44	2	0	1033	1076	48425	48382	8e-08	71.3
Oe6_s03437	gi|89267063|emb|AM118080.1|	95.45	44	2	0	1033	1076	54907	54950	8e-08	71.3
Oe6_s03437	gi|89267063|emb|AM118080.1|	88.14	59	7	0	1266	1324	122031	121973	8e-08	71.3
Oe6_s03437	gi|89267063|emb|AM118080.1|	93.75	48	2	1	1264	1310	186535	186488	8e-08	71.3
Oe6_s03437	gi|89267063|emb|AM118080.1|	95.45	44	2	0	1147	1190	238827	238784	8e-08	71.3
Oe6_s03437	gi|89267063|emb|AM118080.1|	95.45	44	2	0	1147	1190	284108	284151	8e-08	71.3
Oe6_s03437	gi|89267063|emb|AM118080.1|	95.45	44	2	0	1147	1190	316825	316782	8e-08	71.3
Oe6_s03437	gi|89267063|emb|AM118080.1|	100.00	37	0	0	1034	1070	18970	19006	3e-07	69.4
Oe6_s03437	gi|89267063|emb|AM118080.1|	78.45	116	17	5	1033	1145	27638	27748	3e-07	69.4
Oe6_s03437	gi|89267063|emb|AM118080.1|	100.00	37	0	0	1034	1070	121954	121918	3e-07	69.4
Oe6_s03437	gi|89267063|emb|AM118080.1|	95.35	43	2	0	1034	1076	220143	220185	3e-07	69.4
Oe6_s03437	gi|89267063|emb|AM118080.1|	91.84	49	4	0	1033	1081	247847	247799	3e-07	69.4
Oe6_s03437	gi|89267063|emb|AM118080.1|	95.35	43	2	0	1034	1076	415853	415811	3e-07	69.4
Oe6_s03437	gi|89267063|emb|AM118080.1|	95.35	43	2	0	1148	1190	417456	417498	3e-07	69.4
Oe6_s03437	gi|89267063|emb|AM118080.1|	100.00	36	0	0	1266	1301	176504	176469	1e-06	67.6
Oe6_s03437	gi|89267063|emb|AM118080.1|	87.93	58	6	1	1083	1139	219789	219732	1e-06	67.6
Oe6_s03437	gi|89267063|emb|AM118080.1|	85.94	64	7	2	1127	1190	220124	220185	1e-06	67.6
Oe6_s03437	gi|89267063|emb|AM118080.1|	100.00	36	0	0	1266	1301	245067	245032	1e-06	67.6
Oe6_s03437	gi|89267063|emb|AM118080.1|	100.00	36	0	0	1266	1301	247888	247853	1e-06	67.6
Oe6_s03437	gi|89267063|emb|AM118080.1|	95.24	42	2	0	1098	1139	265863	265822	1e-06	67.6
Oe6_s03437	gi|89267063|emb|AM118080.1|	100.00	36	0	0	1266	1301	268276	268311	1e-06	67.6
Oe6_s03437	gi|89267063|emb|AM118080.1|	100.00	36	0	0	1266	1301	268316	268351	1e-06	67.6
Oe6_s03437	gi|89267063|emb|AM118080.1|	93.33	45	3	0	1033	1077	281115	281159	1e-06	67.6
Oe6_s03437	gi|89267063|emb|AM118080.1|	97.37	38	1	0	1147	1184	18969	19006	4e-06	65.8
Oe6_s03437	gi|89267063|emb|AM118080.1|	97.37	38	1	0	1147	1184	121955	121918	4e-06	65.8
Oe6_s03437	gi|89267063|emb|AM118080.1|	93.18	44	3	0	1033	1076	158404	158447	4e-06	65.8
Oe6_s03437	gi|89267063|emb|AM118080.1|	93.18	44	3	0	1033	1076	176463	176420	4e-06	65.8
Oe6_s03437	gi|89267063|emb|AM118080.1|	93.18	44	3	0	1033	1076	207654	207697	4e-06	65.8
Oe6_s03437	gi|89267063|emb|AM118080.1|	90.38	52	2	1	1187	1235	209082	209133	4e-06	65.8
Oe6_s03437	gi|89267063|emb|AM118080.1|	93.18	44	3	0	1033	1076	219764	219721	4e-06	65.8
Oe6_s03437	gi|89267063|emb|AM118080.1|	97.37	38	1	0	1108	1145	220143	220180	4e-06	65.8
Oe6_s03437	gi|89267063|emb|AM118080.1|	100.00	35	0	0	1267	1301	247927	247893	4e-06	65.8
Oe6_s03437	gi|89267063|emb|AM118080.1|	93.18	44	3	0	1033	1076	250912	250955	4e-06	65.8
Oe6_s03437	gi|89267063|emb|AM118080.1|	93.18	44	3	0	1033	1076	265854	265811	4e-06	65.8
Oe6_s03437	gi|89267063|emb|AM118080.1|	93.18	44	3	0	1033	1076	268437	268480	4e-06	65.8
Oe6_s03437	gi|89267063|emb|AM118080.1|	95.12	41	2	0	1099	1139	281107	281147	4e-06	65.8
Oe6_s03437	gi|89267063|emb|AM118080.1|	76.69	133	21	9	1175	1301	313166	313294	4e-06	65.8
Oe6_s03437	gi|89267063|emb|AM118080.1|	95.24	42	1	1	437	478	348368	348328	4e-06	65.8
Oe6_s03437	gi|89267063|emb|AM118080.1|	93.18	44	3	0	1033	1076	412814	412771	4e-06	65.8
Oe6_s03437	gi|89267063|emb|AM118080.1|	91.67	48	3	1	1143	1190	415857	415811	4e-06	65.8
Oe6_s03437	gi|89267063|emb|AM118080.1|	97.37	38	1	0	1108	1145	415853	415816	4e-06	65.8
Oe6_s03437	gi|89267063|emb|AM118080.1|	93.18	44	3	0	1033	1076	431936	431979	4e-06	65.8
Oe6_s03437	gi|89267063|emb|AM118080.1|	93.02	43	3	0	1033	1075	66504	66462	1e-05	63.9
Oe6_s03437	gi|89267063|emb|AM118080.1|	82.43	74	11	2	1067	1139	158364	158436	1e-05	63.9
Oe6_s03437	gi|89267063|emb|AM118080.1|	93.02	43	3	0	1034	1076	159361	159403	1e-05	63.9
Oe6_s03437	gi|89267063|emb|AM118080.1|	93.02	43	3	0	1033	1075	185130	185172	1e-05	63.9
Oe6_s03437	gi|89267063|emb|AM118080.1|	86.21	58	8	0	1266	1323	194369	194426	1e-05	63.9
Oe6_s03437	gi|89267063|emb|AM118080.1|	100.00	34	0	0	1266	1299	250870	250903	1e-05	63.9
Oe6_s03437	gi|89267063|emb|AM118080.1|	100.00	34	0	0	1266	1299	390728	390761	1e-05	63.9
Oe6_s03437	gi|89267063|emb|AM118080.1|	100.00	34	0	0	1266	1299	459458	459491	1e-05	63.9
Oe6_s03437	gi|89267063|emb|AM118080.1|	100.00	34	0	0	1266	1299	512535	512502	1e-05	63.9
Oe6_s03437	gi|89267063|emb|AM118080.1|	97.22	36	1	0	100	135	209532	209567	5e-05	62.1
Oe6_s03437	gi|89267063|emb|AM118080.1|	92.86	42	3	0	1035	1076	245024	244983	5e-05	62.1
Oe6_s03437	gi|89267063|emb|AM118080.1|	97.30	37	0	1	1266	1301	313217	313253	5e-05	62.1
Oe6_s03437	gi|89267063|emb|AM118080.1|	97.30	37	0	1	1266	1301	342803	342839	5e-05	62.1
Oe6_s03437	gi|89267063|emb|AM118080.1|	100.00	32	0	0	1268	1299	122815	122846	2e-04	60.2
Oe6_s03437	gi|89267063|emb|AM118080.1|	100.00	32	0	0	1268	1299	313178	313209	2e-04	60.2
Oe6_s03437	gi|89267063|emb|AM118080.1|	100.00	32	0	0	1268	1299	342764	342795	2e-04	60.2
Oe6_s03437	gi|89267063|emb|AM118080.1|	100.00	32	0	0	1268	1299	356824	356855	2e-04	60.2
Oe6_s03437	gi|89267063|emb|AM118080.1|	100.00	32	0	0	1268	1299	459419	459450	2e-04	60.2
Oe6_s03437	gi|89267063|emb|AM118080.1|	100.00	32	0	0	1188	1219	517442	517473	2e-04	60.2
Oe6_s03437	gi|89267063|emb|AM118080.1|	97.06	34	1	0	1266	1299	203841	203808	6e-04	58.4
Oe6_s03437	gi|89267063|emb|AM118080.1|	97.14	35	0	1	1268	1301	347476	347510	6e-04	58.4
Oe6_s03437	gi|89267063|emb|AM118080.1|	97.14	35	0	1	1268	1301	390689	390723	6e-04	58.4
Oe6_s03437	gi|89267063|emb|AM118080.1|	94.59	37	1	1	1266	1301	122854	122890	0.002	56.5
Oe6_s03437	gi|89267063|emb|AM118080.1|	94.59	37	1	1	1266	1301	151866	151902	0.002	56.5
Oe6_s03437	gi|89267063|emb|AM118080.1|	94.59	37	1	1	1266	1301	306727	306763	0.002	56.5
Oe6_s03437	gi|89267063|emb|AM118080.1|	94.59	37	1	1	1266	1301	319545	319509	0.002	56.5
Oe6_s03437	gi|89267063|emb|AM118080.1|	94.59	37	1	1	1266	1301	319586	319550	0.002	56.5
Oe6_s03437	gi|89267063|emb|AM118080.1|	94.59	37	1	1	1266	1301	347515	347551	0.002	56.5
Oe6_s03437	gi|89267063|emb|AM118080.1|	94.59	37	1	1	1266	1301	372296	372332	0.002	56.5
Oe6_s03437	gi|89267063|emb|AM118080.1|	100.00	29	0	0	1033	1061	202224	202252	0.008	54.7
Oe6_s03437	gi|89267063|emb|AM118080.1|	94.29	35	2	0	1032	1066	209081	209115	0.008	54.7
Oe6_s03437	gi|89267063|emb|AM118080.1|	89.13	46	0	1	1	46	102865	102905	0.028	52.8
Oe6_s03437	gi|89267063|emb|AM118080.1|	100.00	28	0	0	1	28	265408	265435	0.028	52.8
Oe6_s03437	gi|89267063|emb|AM118080.1|	89.13	46	0	1	1	46	340134	340174	0.028	52.8
Oe6_s03437	gi|89267063|emb|AM118080.1|	89.13	46	0	1	1	46	412877	412917	0.028	52.8
Oe6_s03437	gi|89267063|emb|AM118080.1|	100.00	28	0	0	1	28	422102	422129	0.028	52.8
Oe6_s03437	gi|89267063|emb|AM118080.1|	89.13	46	0	1	1	46	431873	431833	0.028	52.8
Oe6_s03437	gi|30725966|gb|AC116560.5|	90.67	343	31	1	96	437	47215	46873	2e-123	455
Oe6_s03437	gi|30725966|gb|AC116560.5|	89.97	309	30	1	130	438	93433	93740	3e-106	398
Oe6_s03437	gi|30725966|gb|AC116560.5|	84.73	406	44	14	438	833	82129	82526	5e-104	390
Oe6_s03437	gi|30725966|gb|AC116560.5|	88.67	309	34	1	129	437	44640	44947	1e-99	375
Oe6_s03437	gi|30725966|gb|AC116560.5|	87.46	311	34	5	129	437	15433	15740	7e-93	353
Oe6_s03437	gi|30725966|gb|AC116560.5|	91.49	235	14	1	1033	1261	63489	63255	3e-82	318
Oe6_s03437	gi|30725966|gb|AC116560.5|	84.47	309	25	10	129	437	68073	68358	9e-72	283
Oe6_s03437	gi|30725966|gb|AC116560.5|	85.20	277	36	4	677	949	47758	48033	1e-70	279
Oe6_s03437	gi|30725966|gb|AC116560.5|	84.42	308	19	11	130	437	24506	24228	2e-69	276
Oe6_s03437	gi|30725966|gb|AC116560.5|	86.61	254	26	6	1092	1341	63504	63255	6e-69	274
Oe6_s03437	gi|30725966|gb|AC116560.5|	83.82	309	25	12	130	437	43959	44243	7e-68	270
Oe6_s03437	gi|30725966|gb|AC116560.5|	83.82	309	25	12	130	437	67417	67701	7e-68	270
Oe6_s03437	gi|30725966|gb|AC116560.5|	82.97	317	34	17	438	741	12525	12216	3e-67	268
Oe6_s03437	gi|30725966|gb|AC116560.5|	83.87	310	20	16	130	437	62799	62518	3e-67	268
Oe6_s03437	gi|30725966|gb|AC116560.5|	82.70	318	37	17	438	745	84178	83869	9e-67	267
Oe6_s03437	gi|30725966|gb|AC116560.5|	92.11	190	12	3	1073	1259	18583	18394	3e-66	265
Oe6_s03437	gi|30725966|gb|AC116560.5|	82.70	318	35	18	438	745	63072	63379	3e-66	265
Oe6_s03437	gi|30725966|gb|AC116560.5|	83.44	308	22	14	130	437	81900	81622	2e-64	259
Oe6_s03437	gi|30725966|gb|AC116560.5|	83.44	308	22	14	130	437	84452	84730	2e-64	259
Oe6_s03437	gi|30725966|gb|AC116560.5|	91.15	192	14	3	1073	1261	12146	12337	6e-64	257
Oe6_s03437	gi|30725966|gb|AC116560.5|	83.23	310	23	14	130	439	87276	87556	6e-64	257
Oe6_s03437	gi|30725966|gb|AC116560.5|	82.91	316	23	16	130	444	12753	13038	2e-63	255
Oe6_s03437	gi|30725966|gb|AC116560.5|	82.90	310	28	9	130	438	80366	80081	2e-63	255
Oe6_s03437	gi|30725966|gb|AC116560.5|	81.53	314	39	17	438	741	80597	80901	6e-59	241
Oe6_s03437	gi|30725966|gb|AC116560.5|	91.76	170	14	0	1092	1261	83824	83993	7e-58	237
Oe6_s03437	gi|30725966|gb|AC116560.5|	81.88	309	27	14	130	438	17975	17696	9e-57	233
Oe6_s03437	gi|30725966|gb|AC116560.5|	94.12	153	9	0	1073	1225	63483	63331	9e-57	233
Oe6_s03437	gi|30725966|gb|AC116560.5|	82.17	286	28	15	437	706	15206	14928	6e-54	224
Oe6_s03437	gi|30725966|gb|AC116560.5|	82.11	285	28	15	438	706	93203	92926	2e-53	222
Oe6_s03437	gi|30725966|gb|AC116560.5|	92.31	156	10	2	1108	1261	25078	24923	7e-53	220
Oe6_s03437	gi|30725966|gb|AC116560.5|	90.36	166	14	2	1098	1261	80945	80780	1e-51	217
Oe6_s03437	gi|30725966|gb|AC116560.5|	83.69	233	26	7	437	661	47363	47591	2e-49	209
Oe6_s03437	gi|30725966|gb|AC116560.5|	90.24	164	10	1	1033	1190	63449	63286	2e-49	209
Oe6_s03437	gi|30725966|gb|AC116560.5|	89.16	166	9	4	1034	1190	18588	18423	3e-46	198
Oe6_s03437	gi|30725966|gb|AC116560.5|	83.96	212	22	10	1135	1339	18600	18394	2e-44	193
Oe6_s03437	gi|30725966|gb|AC116560.5|	84.34	198	20	9	1151	1341	12144	12337	1e-41	183
Oe6_s03437	gi|30725966|gb|AC116560.5|	87.73	163	11	4	1037	1190	12144	12306	3e-41	182
Oe6_s03437	gi|30725966|gb|AC116560.5|	93.39	121	5	3	1108	1225	18588	18468	2e-39	176
Oe6_s03437	gi|30725966|gb|AC116560.5|	92.50	120	7	2	1143	1261	66882	67000	8e-38	171
Oe6_s03437	gi|30725966|gb|AC116560.5|	92.44	119	9	0	1073	1191	83845	83963	8e-38	171
Oe6_s03437	gi|30725966|gb|AC116560.5|	84.97	173	17	6	438	605	44412	44244	1e-36	167
Oe6_s03437	gi|30725966|gb|AC116560.5|	84.36	179	19	7	1128	1301	63509	63335	1e-36	167
Oe6_s03437	gi|30725966|gb|AC116560.5|	80.17	242	32	10	1108	1341	66339	66572	1e-36	167
Oe6_s03437	gi|30725966|gb|AC116560.5|	84.97	173	17	6	438	605	67870	67702	1e-36	167
Oe6_s03437	gi|30725966|gb|AC116560.5|	82.83	198	22	10	437	626	71198	71391	1e-36	167
Oe6_s03437	gi|30725966|gb|AC116560.5|	91.53	118	7	3	1111	1225	12144	12261	2e-34	159
Oe6_s03437	gi|30725966|gb|AC116560.5|	90.83	120	9	2	1073	1190	25073	24954	2e-34	159
Oe6_s03437	gi|30725966|gb|AC116560.5|	90.83	120	9	2	1143	1261	82432	82314	2e-34	159
Oe6_s03437	gi|30725966|gb|AC116560.5|	90.00	120	10	2	1073	1190	80930	80811	8e-33	154
Oe6_s03437	gi|30725966|gb|AC116560.5|	82.68	179	22	7	1168	1341	83819	83993	1e-31	150
Oe6_s03437	gi|30725966|gb|AC116560.5|	91.15	113	4	1	1033	1139	63409	63297	4e-31	148
Oe6_s03437	gi|30725966|gb|AC116560.5|	91.15	113	4	1	1033	1139	83839	83951	4e-31	148
Oe6_s03437	gi|30725966|gb|AC116560.5|	89.26	121	5	3	1033	1145	18548	18428	5e-30	145
Oe6_s03437	gi|30725966|gb|AC116560.5|	86.03	136	18	1	797	932	83715	83581	5e-30	145
Oe6_s03437	gi|30725966|gb|AC116560.5|	86.03	136	13	6	437	569	81587	81455	6e-29	141
Oe6_s03437	gi|30725966|gb|AC116560.5|	88.43	121	6	3	1033	1145	12181	12301	2e-28	139
Oe6_s03437	gi|30725966|gb|AC116560.5|	81.77	181	17	11	1168	1341	14849	15020	8e-28	137
Oe6_s03437	gi|30725966|gb|AC116560.5|	88.33	120	6	3	1034	1145	25078	24959	8e-28	137
Oe6_s03437	gi|30725966|gb|AC116560.5|	91.92	99	7	1	1128	1225	83819	83917	8e-28	137
Oe6_s03437	gi|30725966|gb|AC116560.5|	90.91	99	9	0	1092	1190	86685	86783	1e-26	134
Oe6_s03437	gi|30725966|gb|AC116560.5|	86.96	115	14	1	797	911	66206	66093	5e-25	128
Oe6_s03437	gi|30725966|gb|AC116560.5|	87.83	115	6	3	1033	1139	80936	80822	5e-25	128
Oe6_s03437	gi|30725966|gb|AC116560.5|	80.92	173	22	9	1175	1341	25090	24923	2e-24	126
Oe6_s03437	gi|30725966|gb|AC116560.5|	79.49	195	26	9	1073	1261	66386	66572	2e-24	126
Oe6_s03437	gi|30725966|gb|AC116560.5|	78.07	228	30	15	1123	1341	92802	93018	2e-24	126
Oe6_s03437	gi|30725966|gb|AC116560.5|	96.05	76	3	0	1266	1341	66925	67000	6e-24	124
Oe6_s03437	gi|30725966|gb|AC116560.5|	92.86	84	5	1	1108	1190	66886	66969	8e-23	121
Oe6_s03437	gi|30725966|gb|AC116560.5|	80.47	169	23	8	1179	1341	80944	80780	8e-23	121
Oe6_s03437	gi|30725966|gb|AC116560.5|	92.77	83	5	1	96	178	80445	80364	3e-22	119
Oe6_s03437	gi|30725966|gb|AC116560.5|	94.74	76	4	0	1266	1341	82389	82314	3e-22	119
Oe6_s03437	gi|30725966|gb|AC116560.5|	79.44	180	23	12	452	624	45916	45744	4e-21	115
Oe6_s03437	gi|30725966|gb|AC116560.5|	83.46	133	12	6	1187	1318	47730	47607	4e-21	115
Oe6_s03437	gi|30725966|gb|AC116560.5|	91.67	84	6	1	1108	1190	82428	82345	4e-21	115
Oe6_s03437	gi|30725966|gb|AC116560.5|	94.52	73	3	1	1074	1145	66892	66964	5e-20	111
Oe6_s03437	gi|30725966|gb|AC116560.5|	78.89	180	24	9	1088	1261	14849	15020	2e-19	110
Oe6_s03437	gi|30725966|gb|AC116560.5|	81.56	141	18	4	1107	1247	47730	47598	2e-19	110
Oe6_s03437	gi|30725966|gb|AC116560.5|	82.01	139	16	7	1168	1301	63509	63375	2e-19	110
Oe6_s03437	gi|30725966|gb|AC116560.5|	90.48	84	7	1	96	178	93352	93435	2e-19	110
Oe6_s03437	gi|30725966|gb|AC116560.5|	88.17	93	8	3	1135	1225	25090	24999	6e-19	108
Oe6_s03437	gi|30725966|gb|AC116560.5|	93.15	73	5	0	1269	1341	86742	86814	6e-19	108
Oe6_s03437	gi|30725966|gb|AC116560.5|	93.15	73	4	1	1074	1145	82422	82350	2e-18	106
Oe6_s03437	gi|30725966|gb|AC116560.5|	83.76	117	11	5	1032	1145	47731	47620	8e-18	104
Oe6_s03437	gi|30725966|gb|AC116560.5|	90.00	80	6	2	1148	1225	80935	80856	3e-17	102
Oe6_s03437	gi|30725966|gb|AC116560.5|	94.03	67	4	0	1073	1139	86706	86772	3e-17	102
Oe6_s03437	gi|30725966|gb|AC116560.5|	94.83	58	3	0	41	98	82695	82752	6e-14	91.6
Oe6_s03437	gi|30725966|gb|AC116560.5|	94.74	57	3	0	41	97	11908	11852	2e-13	89.8
Oe6_s03437	gi|30725966|gb|AC116560.5|	81.36	118	10	8	1033	1145	14869	14979	3e-12	86.1
Oe6_s03437	gi|30725966|gb|AC116560.5|	94.55	55	3	0	41	95	81185	81239	3e-12	86.1
Oe6_s03437	gi|30725966|gb|AC116560.5|	85.88	85	6	1	1033	1111	83879	83963	3e-12	86.1
Oe6_s03437	gi|30725966|gb|AC116560.5|	93.22	59	3	1	1168	1225	86680	86738	3e-12	86.1
Oe6_s03437	gi|30725966|gb|AC116560.5|	85.88	85	5	2	1033	1110	25038	24954	1e-11	84.2
Oe6_s03437	gi|30725966|gb|AC116560.5|	85.71	84	6	1	1033	1110	63369	63286	1e-11	84.2
Oe6_s03437	gi|30725966|gb|AC116560.5|	85.71	84	6	1	1033	1110	86700	86783	1e-11	84.2
Oe6_s03437	gi|30725966|gb|AC116560.5|	90.16	61	6	0	1267	1327	47730	47670	1e-10	80.5
Oe6_s03437	gi|30725966|gb|AC116560.5|	90.16	61	6	0	1264	1324	65909	65969	1e-10	80.5
Oe6_s03437	gi|30725966|gb|AC116560.5|	80.17	116	15	5	1033	1145	66421	66531	1e-10	80.5
Oe6_s03437	gi|30725966|gb|AC116560.5|	80.51	118	11	8	1033	1145	92867	92977	1e-10	80.5
Oe6_s03437	gi|30725966|gb|AC116560.5|	84.71	85	6	2	1033	1110	80895	80811	5e-10	78.7
Oe6_s03437	gi|30725966|gb|AC116560.5|	97.73	44	1	0	1033	1076	12263	12306	2e-09	76.8
Oe6_s03437	gi|30725966|gb|AC116560.5|	97.73	44	1	0	1033	1076	18466	18423	2e-09	76.8
Oe6_s03437	gi|30725966|gb|AC116560.5|	97.73	44	1	0	1033	1076	24997	24954	2e-09	76.8
Oe6_s03437	gi|30725966|gb|AC116560.5|	87.69	65	8	0	1179	1243	65904	65968	2e-09	76.8
Oe6_s03437	gi|30725966|gb|AC116560.5|	97.73	44	1	0	1033	1076	66926	66969	2e-09	76.8
Oe6_s03437	gi|30725966|gb|AC116560.5|	97.73	44	1	0	1033	1076	82388	82345	2e-09	76.8
Oe6_s03437	gi|30725966|gb|AC116560.5|	88.52	61	7	0	1264	1324	14866	14926	6e-09	75.0
Oe6_s03437	gi|30725966|gb|AC116560.5|	97.67	43	1	0	1034	1076	14942	14984	6e-09	75.0
Oe6_s03437	gi|30725966|gb|AC116560.5|	97.67	43	1	0	1034	1076	47657	47615	6e-09	75.0
Oe6_s03437	gi|30725966|gb|AC116560.5|	88.52	61	7	0	1264	1324	50654	50594	6e-09	75.0
Oe6_s03437	gi|30725966|gb|AC116560.5|	84.42	77	11	1	1168	1243	50671	50595	6e-09	75.0
Oe6_s03437	gi|30725966|gb|AC116560.5|	88.52	61	7	0	1264	1324	66418	66478	6e-09	75.0
Oe6_s03437	gi|30725966|gb|AC116560.5|	97.67	43	1	0	1034	1076	92940	92982	6e-09	75.0
Oe6_s03437	gi|30725966|gb|AC116560.5|	95.45	44	2	0	1147	1190	14941	14984	8e-08	71.3
Oe6_s03437	gi|30725966|gb|AC116560.5|	95.45	44	2	0	1147	1190	47658	47615	8e-08	71.3
Oe6_s03437	gi|30725966|gb|AC116560.5|	95.45	44	2	0	1147	1190	92939	92982	8e-08	71.3
Oe6_s03437	gi|30725966|gb|AC116560.5|	91.84	49	4	0	1033	1081	83919	83967	3e-07	69.4
Oe6_s03437	gi|30725966|gb|AC116560.5|	93.33	45	3	0	1033	1077	50651	50607	1e-06	67.6
Oe6_s03437	gi|30725966|gb|AC116560.5|	100.00	36	0	0	1266	1301	63450	63415	1e-06	67.6
Oe6_s03437	gi|30725966|gb|AC116560.5|	100.00	36	0	0	1266	1301	63490	63455	1e-06	67.6
Oe6_s03437	gi|30725966|gb|AC116560.5|	95.24	42	2	0	1098	1139	65903	65944	1e-06	67.6
Oe6_s03437	gi|30725966|gb|AC116560.5|	100.00	36	0	0	1266	1301	83878	83913	1e-06	67.6
Oe6_s03437	gi|30725966|gb|AC116560.5|	100.00	36	0	0	1266	1301	86699	86734	1e-06	67.6
Oe6_s03437	gi|30725966|gb|AC116560.5|	76.69	133	21	9	1175	1301	18600	18472	4e-06	65.8
Oe6_s03437	gi|30725966|gb|AC116560.5|	95.12	41	2	0	1099	1139	50659	50619	4e-06	65.8
Oe6_s03437	gi|30725966|gb|AC116560.5|	93.18	44	3	0	1033	1076	63329	63286	4e-06	65.8
Oe6_s03437	gi|30725966|gb|AC116560.5|	93.18	44	3	0	1033	1076	65912	65955	4e-06	65.8
Oe6_s03437	gi|30725966|gb|AC116560.5|	93.18	44	3	0	1033	1076	80854	80811	4e-06	65.8
Oe6_s03437	gi|30725966|gb|AC116560.5|	100.00	35	0	0	1267	1301	83839	83873	4e-06	65.8
Oe6_s03437	gi|30725966|gb|AC116560.5|	100.00	34	0	0	1266	1299	80896	80863	1e-05	63.9
Oe6_s03437	gi|30725966|gb|AC116560.5|	97.30	37	0	1	1266	1301	18549	18513	5e-05	62.1
Oe6_s03437	gi|30725966|gb|AC116560.5|	92.86	42	3	0	1035	1076	86742	86783	5e-05	62.1
Oe6_s03437	gi|30725966|gb|AC116560.5|	100.00	32	0	0	1268	1299	18588	18557	2e-04	60.2
Oe6_s03437	gi|30725966|gb|AC116560.5|	94.59	37	1	1	1266	1301	12180	12216	0.002	56.5
Oe6_s03437	gi|30725966|gb|AC116560.5|	94.59	37	1	1	1266	1301	12221	12257	0.002	56.5
Oe6_s03437	gi|30725966|gb|AC116560.5|	94.59	37	1	1	1266	1301	25039	25003	0.002	56.5
Oe6_s03437	gi|30725966|gb|AC116560.5|	100.00	28	0	0	1	28	66358	66331	0.028	52.8
Oe6_s03437	gi|21263313|gb|AC114899.5|	90.67	343	31	1	96	437	10546	10888	2e-123	455
Oe6_s03437	gi|21263313|gb|AC114899.5|	82.05	507	59	22	438	921	83117	82620	7e-108	403
Oe6_s03437	gi|21263313|gb|AC114899.5|	89.68	310	29	3	129	437	96867	96560	1e-104	392
Oe6_s03437	gi|21263313|gb|AC114899.5|	88.67	309	34	1	129	437	13121	12814	1e-99	375
Oe6_s03437	gi|21263313|gb|AC114899.5|	83.61	415	40	20	438	833	97095	97500	3e-96	364
Oe6_s03437	gi|21263313|gb|AC114899.5|	87.46	311	34	5	129	437	42328	42021	7e-93	353
Oe6_s03437	gi|21263313|gb|AC114899.5|	80.20	510	61	20	130	633	70518	70043	1e-90	346
Oe6_s03437	gi|21263313|gb|AC114899.5|	85.84	339	25	10	100	438	65649	65334	2e-88	339
Oe6_s03437	gi|21263313|gb|AC114899.5|	85.39	308	16	11	130	437	83346	83624	2e-74	292
Oe6_s03437	gi|21263313|gb|AC114899.5|	84.74	308	18	11	130	437	74045	74323	3e-71	281
Oe6_s03437	gi|21263313|gb|AC114899.5|	85.20	277	36	4	677	949	10003	9728	1e-70	279
Oe6_s03437	gi|21263313|gb|AC114899.5|	84.42	308	19	11	130	437	33255	33533	2e-69	276
Oe6_s03437	gi|21263313|gb|AC114899.5|	83.82	309	25	12	130	437	13802	13518	7e-68	270
Oe6_s03437	gi|21263313|gb|AC114899.5|	82.97	317	34	17	438	741	45236	45545	3e-67	268
Oe6_s03437	gi|21263313|gb|AC114899.5|	92.11	190	12	3	1073	1259	39178	39367	3e-66	265
Oe6_s03437	gi|21263313|gb|AC114899.5|	83.77	308	21	14	130	437	69373	69651	3e-66	265
Oe6_s03437	gi|21263313|gb|AC114899.5|	83.44	308	22	11	130	437	72938	73216	2e-64	259
Oe6_s03437	gi|21263313|gb|AC114899.5|	83.44	308	22	11	130	437	98825	99103	2e-64	259
Oe6_s03437	gi|21263313|gb|AC114899.5|	91.15	192	14	3	1073	1261	45615	45424	6e-64	257
Oe6_s03437	gi|21263313|gb|AC114899.5|	82.91	316	23	16	130	444	45008	44723	2e-63	255
Oe6_s03437	gi|21263313|gb|AC114899.5|	90.62	192	15	3	1073	1261	68764	68955	3e-62	252
Oe6_s03437	gi|21263313|gb|AC114899.5|	81.88	309	27	14	130	438	39786	40065	9e-57	233
Oe6_s03437	gi|21263313|gb|AC114899.5|	82.17	286	28	15	437	706	42555	42833	6e-54	224
Oe6_s03437	gi|21263313|gb|AC114899.5|	92.31	156	10	2	1108	1261	32683	32838	7e-53	220
Oe6_s03437	gi|21263313|gb|AC114899.5|	92.36	157	9	3	1108	1261	73471	73627	7e-53	220
Oe6_s03437	gi|21263313|gb|AC114899.5|	92.31	156	10	2	1108	1261	98252	98407	7e-53	220
Oe6_s03437	gi|21263313|gb|AC114899.5|	80.89	314	29	12	647	932	66059	66369	3e-52	219
Oe6_s03437	gi|21263313|gb|AC114899.5|	83.69	233	26	7	437	661	10398	10170	2e-49	209
Oe6_s03437	gi|21263313|gb|AC114899.5|	89.16	166	9	4	1034	1190	39173	39338	3e-46	198
Oe6_s03437	gi|21263313|gb|AC114899.5|	83.96	212	22	10	1135	1339	39161	39367	2e-44	193
Oe6_s03437	gi|21263313|gb|AC114899.5|	83.74	203	27	6	1143	1341	68755	68955	7e-43	187
Oe6_s03437	gi|21263313|gb|AC114899.5|	84.34	198	20	9	1151	1341	45617	45424	1e-41	183
Oe6_s03437	gi|21263313|gb|AC114899.5|	87.73	163	11	4	1037	1190	45617	45455	3e-41	182
Oe6_s03437	gi|21263313|gb|AC114899.5|	87.35	166	12	4	1034	1190	68759	68924	3e-41	182
Oe6_s03437	gi|21263313|gb|AC114899.5|	93.39	121	5	3	1108	1225	39173	39293	2e-39	176
Oe6_s03437	gi|21263313|gb|AC114899.5|	92.56	121	6	3	1108	1225	68759	68879	8e-38	171
Oe6_s03437	gi|21263313|gb|AC114899.5|	84.97	173	17	6	438	605	13349	13517	1e-36	167
Oe6_s03437	gi|21263313|gb|AC114899.5|	91.67	120	8	2	1073	1190	73476	73595	3e-36	165
Oe6_s03437	gi|21263313|gb|AC114899.5|	85.90	156	17	4	1108	1259	66148	65994	5e-35	161
Oe6_s03437	gi|21263313|gb|AC114899.5|	90.83	120	9	2	1073	1190	32688	32807	2e-34	159
Oe6_s03437	gi|21263313|gb|AC114899.5|	91.53	118	7	3	1111	1225	45617	45500	2e-34	159
Oe6_s03437	gi|21263313|gb|AC114899.5|	90.83	120	9	2	1073	1190	98257	98376	2e-34	159
Oe6_s03437	gi|21263313|gb|AC114899.5|	89.26	121	5	3	1033	1145	39213	39333	5e-30	145
Oe6_s03437	gi|21263313|gb|AC114899.5|	89.17	120	5	3	1034	1145	73471	73590	2e-29	143
Oe6_s03437	gi|21263313|gb|AC114899.5|	88.43	121	6	3	1033	1145	45580	45460	2e-28	139
Oe6_s03437	gi|21263313|gb|AC114899.5|	88.33	120	6	3	1034	1145	32683	32802	8e-28	137
Oe6_s03437	gi|21263313|gb|AC114899.5|	81.77	181	17	11	1168	1341	42912	42741	8e-28	137
Oe6_s03437	gi|21263313|gb|AC114899.5|	88.33	120	6	3	1034	1145	98252	98371	8e-28	137
Oe6_s03437	gi|21263313|gb|AC114899.5|	86.78	121	8	3	1033	1145	68799	68919	5e-25	128
Oe6_s03437	gi|21263313|gb|AC114899.5|	80.92	173	22	9	1175	1341	32671	32838	2e-24	126
Oe6_s03437	gi|21263313|gb|AC114899.5|	81.99	161	18	9	1188	1341	73471	73627	2e-24	126
Oe6_s03437	gi|21263313|gb|AC114899.5|	81.88	160	19	8	1188	1341	98252	98407	2e-24	126
Oe6_s03437	gi|21263313|gb|AC114899.5|	83.21	137	13	9	436	569	79674	79803	1e-21	117
Oe6_s03437	gi|21263313|gb|AC114899.5|	83.46	133	12	6	1187	1318	10031	10154	4e-21	115
Oe6_s03437	gi|21263313|gb|AC114899.5|	79.44	180	23	12	452	624	11845	12017	4e-21	115
Oe6_s03437	gi|21263313|gb|AC114899.5|	91.67	84	6	1	1108	1190	82819	82902	4e-21	115
Oe6_s03437	gi|21263313|gb|AC114899.5|	91.76	85	4	3	1143	1225	98248	98331	4e-21	115
Oe6_s03437	gi|21263313|gb|AC114899.5|	81.56	141	18	4	1107	1247	10031	10163	2e-19	110
Oe6_s03437	gi|21263313|gb|AC114899.5|	78.89	180	24	9	1088	1261	42912	42741	2e-19	110
Oe6_s03437	gi|21263313|gb|AC114899.5|	90.59	85	5	3	1143	1225	73467	73550	2e-19	110
Oe6_s03437	gi|21263313|gb|AC114899.5|	90.48	84	6	2	96	178	73965	74047	2e-19	110
Oe6_s03437	gi|21263313|gb|AC114899.5|	88.17	93	8	3	1135	1225	32671	32762	6e-19	108
Oe6_s03437	gi|21263313|gb|AC114899.5|	83.76	117	11	5	1032	1145	10030	10141	8e-18	104
Oe6_s03437	gi|21263313|gb|AC114899.5|	91.89	74	6	0	1266	1339	66067	65994	8e-18	104
Oe6_s03437	gi|21263313|gb|AC114899.5|	92.65	68	4	1	1073	1139	66101	66034	1e-15	97.1
Oe6_s03437	gi|21263313|gb|AC114899.5|	92.54	67	5	0	438	504	72709	72643	1e-15	97.1
Oe6_s03437	gi|21263313|gb|AC114899.5|	94.74	57	3	0	41	97	45853	45909	2e-13	89.8
Oe6_s03437	gi|21263313|gb|AC114899.5|	94.64	56	3	0	41	96	82583	82528	8e-13	87.9
Oe6_s03437	gi|21263313|gb|AC114899.5|	81.36	118	10	8	1033	1145	42892	42782	3e-12	86.1
Oe6_s03437	gi|21263313|gb|AC114899.5|	94.55	55	3	0	41	95	66395	66449	3e-12	86.1
Oe6_s03437	gi|21263313|gb|AC114899.5|	94.55	55	3	0	41	95	98026	97972	3e-12	86.1
Oe6_s03437	gi|21263313|gb|AC114899.5|	85.88	85	5	2	1033	1110	32723	32807	1e-11	84.2
Oe6_s03437	gi|21263313|gb|AC114899.5|	85.88	85	5	2	1033	1110	73511	73595	1e-11	84.2
Oe6_s03437	gi|21263313|gb|AC114899.5|	90.16	61	6	0	1267	1327	10031	10091	1e-10	80.5
Oe6_s03437	gi|21263313|gb|AC114899.5|	97.73	44	1	0	1033	1076	32764	32807	2e-09	76.8
Oe6_s03437	gi|21263313|gb|AC114899.5|	97.73	44	1	0	1033	1076	39295	39338	2e-09	76.8
Oe6_s03437	gi|21263313|gb|AC114899.5|	97.73	44	1	0	1033	1076	45498	45455	2e-09	76.8
Oe6_s03437	gi|21263313|gb|AC114899.5|	97.73	44	1	0	1033	1076	73552	73595	2e-09	76.8
Oe6_s03437	gi|21263313|gb|AC114899.5|	84.52	84	6	2	1034	1110	82819	82902	2e-09	76.8
Oe6_s03437	gi|21263313|gb|AC114899.5|	97.73	44	1	0	1033	1076	98333	98376	2e-09	76.8
Oe6_s03437	gi|21263313|gb|AC114899.5|	84.42	77	11	1	1168	1243	7090	7166	6e-09	75.0
Oe6_s03437	gi|21263313|gb|AC114899.5|	88.52	61	7	0	1264	1324	7107	7167	6e-09	75.0
Oe6_s03437	gi|21263313|gb|AC114899.5|	97.67	43	1	0	1034	1076	10104	10146	6e-09	75.0
Oe6_s03437	gi|21263313|gb|AC114899.5|	97.67	43	1	0	1034	1076	42819	42777	6e-09	75.0
Oe6_s03437	gi|21263313|gb|AC114899.5|	88.52	61	7	0	1264	1324	42895	42835	6e-09	75.0
Oe6_s03437	gi|21263313|gb|AC114899.5|	95.45	44	2	0	1147	1190	10103	10146	8e-08	71.3
Oe6_s03437	gi|21263313|gb|AC114899.5|	95.45	44	2	0	1147	1190	42820	42777	8e-08	71.3
Oe6_s03437	gi|21263313|gb|AC114899.5|	93.33	45	3	0	1033	1077	7110	7154	1e-06	67.6
Oe6_s03437	gi|21263313|gb|AC114899.5|	95.12	41	2	0	1099	1139	7102	7142	4e-06	65.8
Oe6_s03437	gi|21263313|gb|AC114899.5|	76.69	133	21	9	1175	1301	39161	39289	4e-06	65.8
Oe6_s03437	gi|21263313|gb|AC114899.5|	95.24	42	1	1	437	478	74363	74323	4e-06	65.8
Oe6_s03437	gi|21263313|gb|AC114899.5|	97.30	37	0	1	1266	1301	39212	39248	5e-05	62.1
Oe6_s03437	gi|21263313|gb|AC114899.5|	97.30	37	0	1	1266	1301	68798	68834	5e-05	62.1
Oe6_s03437	gi|21263313|gb|AC114899.5|	100.00	32	0	0	1268	1299	39173	39204	2e-04	60.2
Oe6_s03437	gi|21263313|gb|AC114899.5|	100.00	32	0	0	1268	1299	68759	68790	2e-04	60.2
Oe6_s03437	gi|21263313|gb|AC114899.5|	100.00	32	0	0	1268	1299	82819	82850	2e-04	60.2
Oe6_s03437	gi|21263313|gb|AC114899.5|	97.14	35	0	1	1268	1301	73471	73505	6e-04	58.4
Oe6_s03437	gi|21263313|gb|AC114899.5|	94.59	37	1	1	1266	1301	32722	32758	0.002	56.5
Oe6_s03437	gi|21263313|gb|AC114899.5|	94.59	37	1	1	1266	1301	45540	45504	0.002	56.5
Oe6_s03437	gi|21263313|gb|AC114899.5|	94.59	37	1	1	1266	1301	45581	45545	0.002	56.5
Oe6_s03437	gi|21263313|gb|AC114899.5|	94.59	37	1	1	1266	1301	73510	73546	0.002	56.5
Oe6_s03437	gi|21263313|gb|AC114899.5|	94.59	37	1	1	1266	1301	98291	98327	0.002	56.5
Oe6_s03437	gi|21263313|gb|AC114899.5|	89.13	46	0	1	1	46	66129	66169	0.028	52.8
Oe6_s03437	gi|52627273|gb|AC119572.26|	90.38	343	31	2	96	438	51703	51363	9e-122	449
Oe6_s03437	gi|52627273|gb|AC119572.26|	90.12	344	32	2	96	438	17533	17875	1e-120	446
Oe6_s03437	gi|52627273|gb|AC119572.26|	89.47	342	35	1	96	437	86313	85973	3e-116	431
Oe6_s03437	gi|52627273|gb|AC119572.26|	91.17	317	26	2	126	442	121460	121774	1e-115	429
Oe6_s03437	gi|52627273|gb|AC119572.26|	90.23	307	30	0	131	437	4914	5220	2e-107	401
Oe6_s03437	gi|52627273|gb|AC119572.26|	89.68	310	29	3	129	437	1130	823	1e-104	392
Oe6_s03437	gi|52627273|gb|AC119572.26|	89.94	308	25	1	130	437	8543	8844	1e-104	392
Oe6_s03437	gi|52627273|gb|AC119572.26|	89.32	309	32	1	130	437	48324	48632	7e-103	387
Oe6_s03437	gi|52627273|gb|AC119572.26|	84.48	406	44	17	438	833	8314	7918	9e-102	383
Oe6_s03437	gi|52627273|gb|AC119572.26|	83.61	415	40	20	438	833	1358	1763	3e-96	364
Oe6_s03437	gi|52627273|gb|AC119572.26|	87.95	307	36	1	131	437	148195	148500	4e-95	361
Oe6_s03437	gi|52627273|gb|AC119572.26|	86.15	325	25	15	1033	1341	89652	89972	9e-87	333
Oe6_s03437	gi|52627273|gb|AC119572.26|	85.17	344	26	10	100	442	42655	42336	1e-85	329
Oe6_s03437	gi|52627273|gb|AC119572.26|	85.94	313	35	5	642	949	47763	47455	2e-84	326
Oe6_s03437	gi|52627273|gb|AC119572.26|	85.25	339	25	12	100	437	62505	62819	2e-84	326
Oe6_s03437	gi|52627273|gb|AC119572.26|	90.79	239	12	5	1033	1261	89734	89972	4e-80	311
Oe6_s03437	gi|52627273|gb|AC119572.26|	85.36	280	32	9	645	921	147681	147408	3e-71	281
Oe6_s03437	gi|52627273|gb|AC119572.26|	83.60	317	31	17	437	741	21288	20981	4e-70	278
Oe6_s03437	gi|52627273|gb|AC119572.26|	83.44	314	35	15	438	741	9652	9958	2e-69	276
Oe6_s03437	gi|52627273|gb|AC119572.26|	83.44	314	35	15	438	741	90157	89851	2e-69	276
Oe6_s03437	gi|52627273|gb|AC119572.26|	84.04	307	26	10	132	438	120656	120939	6e-69	274
Oe6_s03437	gi|52627273|gb|AC119572.26|	85.16	283	22	15	1033	1299	89611	89889	2e-68	272
Oe6_s03437	gi|52627273|gb|AC119572.26|	85.00	280	29	6	437	707	146046	146321	2e-68	272
Oe6_s03437	gi|52627273|gb|AC119572.26|	84.09	308	20	11	130	437	9423	9145	7e-68	270
Oe6_s03437	gi|52627273|gb|AC119572.26|	83.77	308	27	9	130	437	45627	45343	7e-68	270
Oe6_s03437	gi|52627273|gb|AC119572.26|	85.11	282	22	15	1034	1299	89571	89848	7e-68	270
Oe6_s03437	gi|52627273|gb|AC119572.26|	83.44	308	22	11	130	437	3088	3366	2e-64	259
Oe6_s03437	gi|52627273|gb|AC119572.26|	83.44	308	22	11	130	437	142116	141838	2e-64	259
Oe6_s03437	gi|52627273|gb|AC119572.26|	82.48	314	38	15	438	741	142345	142651	2e-64	259
Oe6_s03437	gi|52627273|gb|AC119572.26|	82.79	308	30	10	130	437	68975	69259	7e-63	254
Oe6_s03437	gi|52627273|gb|AC119572.26|	82.64	311	31	10	130	440	90386	90673	7e-63	254
Oe6_s03437	gi|52627273|gb|AC119572.26|	90.62	192	15	3	1073	1261	142721	142530	3e-62	252
Oe6_s03437	gi|52627273|gb|AC119572.26|	89.71	204	10	6	1033	1225	89693	89896	9e-62	250
Oe6_s03437	gi|52627273|gb|AC119572.26|	87.28	228	16	7	442	661	17380	17158	3e-61	248
Oe6_s03437	gi|52627273|gb|AC119572.26|	82.79	308	24	11	130	437	27163	27441	3e-61	248
Oe6_s03437	gi|52627273|gb|AC119572.26|	84.47	264	26	12	438	693	45855	46111	1e-60	246
Oe6_s03437	gi|52627273|gb|AC119572.26|	85.59	236	21	13	1073	1299	89576	89807	3e-57	235
Oe6_s03437	gi|52627273|gb|AC119572.26|	93.59	156	8	2	1108	1261	20947	21102	3e-56	231
Oe6_s03437	gi|52627273|gb|AC119572.26|	90.50	179	11	5	643	819	146330	146504	3e-56	231
Oe6_s03437	gi|52627273|gb|AC119572.26|	88.77	187	14	5	437	620	48096	47914	2e-53	222
Oe6_s03437	gi|52627273|gb|AC119572.26|	84.55	233	26	5	437	661	86461	86691	2e-53	222
Oe6_s03437	gi|52627273|gb|AC119572.26|	92.31	156	10	2	1108	1261	2515	2670	7e-53	220
Oe6_s03437	gi|52627273|gb|AC119572.26|	91.67	156	11	2	1108	1261	9992	9837	3e-51	215
Oe6_s03437	gi|52627273|gb|AC119572.26|	81.05	285	32	19	438	706	51854	52132	6e-49	207
Oe6_s03437	gi|52627273|gb|AC119572.26|	90.45	157	15	0	765	921	119790	119634	6e-49	207
Oe6_s03437	gi|52627273|gb|AC119572.26|	89.82	167	8	4	1033	1190	89775	89941	2e-48	206
Oe6_s03437	gi|52627273|gb|AC119572.26|	81.72	268	30	13	437	692	121261	121001	2e-48	206
Oe6_s03437	gi|52627273|gb|AC119572.26|	81.05	285	31	15	438	706	147970	147693	2e-48	206
Oe6_s03437	gi|52627273|gb|AC119572.26|	79.17	312	42	19	438	735	42810	43112	4e-45	195
Oe6_s03437	gi|52627273|gb|AC119572.26|	85.00	200	18	12	1108	1299	89571	89766	2e-44	193
Oe6_s03437	gi|52627273|gb|AC119572.26|	78.37	319	54	11	100	404	145894	145577	2e-44	193
Oe6_s03437	gi|52627273|gb|AC119572.26|	82.41	216	36	2	719	932	17036	16821	7e-43	187
Oe6_s03437	gi|52627273|gb|AC119572.26|	81.43	237	33	7	1108	1341	52273	52045	1e-41	183
Oe6_s03437	gi|52627273|gb|AC119572.26|	82.76	203	29	6	1143	1341	142730	142530	2e-39	176
Oe6_s03437	gi|52627273|gb|AC119572.26|	87.12	163	12	4	1037	1190	142723	142561	2e-39	176
Oe6_s03437	gi|52627273|gb|AC119572.26|	92.50	120	7	2	1073	1190	20952	21071	8e-38	171
Oe6_s03437	gi|52627273|gb|AC119572.26|	92.50	120	7	2	1143	1261	120119	120237	8e-38	171
Oe6_s03437	gi|52627273|gb|AC119572.26|	90.83	120	9	2	1073	1190	2520	2639	2e-34	159
Oe6_s03437	gi|52627273|gb|AC119572.26|	82.97	182	25	5	442	621	21363	21540	2e-34	159
Oe6_s03437	gi|52627273|gb|AC119572.26|	90.00	120	10	2	1073	1190	9987	9868	8e-33	154
Oe6_s03437	gi|52627273|gb|AC119572.26|	84.81	158	19	4	1108	1261	43154	42998	8e-33	154
Oe6_s03437	gi|52627273|gb|AC119572.26|	90.08	121	4	3	1033	1145	89816	89936	1e-31	150
Oe6_s03437	gi|52627273|gb|AC119572.26|	90.00	120	4	3	1034	1145	20947	21066	4e-31	148
Oe6_s03437	gi|52627273|gb|AC119572.26|	81.58	190	26	5	1073	1261	52226	52045	4e-31	148
Oe6_s03437	gi|52627273|gb|AC119572.26|	83.54	158	21	4	1108	1261	62006	62162	2e-29	143
Oe6_s03437	gi|52627273|gb|AC119572.26|	88.43	121	6	3	1033	1145	142686	142566	2e-28	139
Oe6_s03437	gi|52627273|gb|AC119572.26|	88.33	120	6	3	1034	1145	2515	2634	8e-28	137
Oe6_s03437	gi|52627273|gb|AC119572.26|	83.12	160	17	8	1188	1341	20947	21102	8e-28	137
Oe6_s03437	gi|52627273|gb|AC119572.26|	86.40	125	16	1	797	921	52370	52493	3e-27	135
Oe6_s03437	gi|52627273|gb|AC119572.26|	87.50	120	7	3	1034	1145	9992	9873	4e-26	132
Oe6_s03437	gi|52627273|gb|AC119572.26|	81.93	166	21	5	1163	1327	16994	17151	4e-26	132
Oe6_s03437	gi|52627273|gb|AC119572.26|	82.32	164	17	12	1143	1299	89567	89725	4e-26	132
Oe6_s03437	gi|52627273|gb|AC119572.26|	81.88	160	19	8	1188	1341	2515	2670	2e-24	126
Oe6_s03437	gi|52627273|gb|AC119572.26|	81.88	160	19	8	1188	1341	9992	9837	2e-24	126
Oe6_s03437	gi|52627273|gb|AC119572.26|	80.95	168	19	9	1083	1247	16994	17151	8e-23	121
Oe6_s03437	gi|52627273|gb|AC119572.26|	94.74	76	4	0	1266	1341	120162	120237	3e-22	119
Oe6_s03437	gi|52627273|gb|AC119572.26|	91.76	85	4	3	1143	1225	2511	2594	4e-21	115
Oe6_s03437	gi|52627273|gb|AC119572.26|	91.76	85	4	3	1143	1225	20943	21026	4e-21	115
Oe6_s03437	gi|52627273|gb|AC119572.26|	94.59	74	4	0	1268	1341	46111	46038	4e-21	115
Oe6_s03437	gi|52627273|gb|AC119572.26|	93.42	76	5	0	1266	1341	43073	42998	1e-20	113
Oe6_s03437	gi|52627273|gb|AC119572.26|	85.34	116	10	7	437	549	49964	49853	1e-20	113
Oe6_s03437	gi|52627273|gb|AC119572.26|	91.46	82	3	4	437	516	84893	84972	2e-19	110
Oe6_s03437	gi|52627273|gb|AC119572.26|	92.11	76	6	0	1266	1341	62087	62162	6e-19	108
Oe6_s03437	gi|52627273|gb|AC119572.26|	81.43	140	17	5	1163	1301	86849	86718	2e-18	106
Oe6_s03437	gi|52627273|gb|AC119572.26|	89.29	84	7	2	96	178	9503	9421	8e-18	104
Oe6_s03437	gi|52627273|gb|AC119572.26|	83.76	117	11	5	1032	1145	47712	47823	8e-18	104
Oe6_s03437	gi|52627273|gb|AC119572.26|	81.12	143	15	8	1107	1247	47713	47845	8e-18	104
Oe6_s03437	gi|52627273|gb|AC119572.26|	92.96	71	4	1	1076	1145	120131	120201	3e-17	102
Oe6_s03437	gi|52627273|gb|AC119572.26|	84.62	104	14	2	167	270	127092	126991	3e-17	102
Oe6_s03437	gi|52627273|gb|AC119572.26|	92.65	68	4	1	1073	1139	43107	43040	1e-15	97.1
Oe6_s03437	gi|52627273|gb|AC119572.26|	94.83	58	3	0	41	98	43401	43458	6e-14	91.6
Oe6_s03437	gi|52627273|gb|AC119572.26|	91.18	68	5	1	1073	1139	62053	62120	6e-14	91.6
Oe6_s03437	gi|52627273|gb|AC119572.26|	87.06	85	4	2	1033	1110	20987	21071	2e-13	89.8
Oe6_s03437	gi|52627273|gb|AC119572.26|	94.74	57	3	0	41	97	46346	46402	2e-13	89.8
Oe6_s03437	gi|52627273|gb|AC119572.26|	94.74	57	3	0	41	97	61759	61703	2e-13	89.8
Oe6_s03437	gi|52627273|gb|AC119572.26|	79.29	140	20	5	1083	1221	86849	86718	2e-13	89.8
Oe6_s03437	gi|52627273|gb|AC119572.26|	87.06	85	4	2	1033	1110	89857	89941	2e-13	89.8
Oe6_s03437	gi|52627273|gb|AC119572.26|	94.55	55	3	0	41	95	2289	2235	3e-12	86.1
Oe6_s03437	gi|52627273|gb|AC119572.26|	90.62	64	6	0	1264	1327	17016	17079	3e-12	86.1
Oe6_s03437	gi|52627273|gb|AC119572.26|	91.80	61	5	0	1267	1327	47713	47773	3e-12	86.1
Oe6_s03437	gi|52627273|gb|AC119572.26|	80.17	116	15	5	1033	1145	17019	17129	1e-10	80.5
Oe6_s03437	gi|52627273|gb|AC119572.26|	80.17	116	15	5	1033	1145	52191	52081	1e-10	80.5
Oe6_s03437	gi|52627273|gb|AC119572.26|	90.16	61	6	0	1264	1324	86827	86767	1e-10	80.5
Oe6_s03437	gi|52627273|gb|AC119572.26|	97.78	45	1	0	797	841	10089	10133	5e-10	78.7
Oe6_s03437	gi|52627273|gb|AC119572.26|	97.73	44	1	0	1033	1076	2596	2639	2e-09	76.8
Oe6_s03437	gi|52627273|gb|AC119572.26|	97.73	44	1	0	1033	1076	9911	9868	2e-09	76.8
Oe6_s03437	gi|52627273|gb|AC119572.26|	97.73	44	1	0	1033	1076	21028	21071	2e-09	76.8
Oe6_s03437	gi|52627273|gb|AC119572.26|	97.73	44	1	0	1033	1076	89898	89941	2e-09	76.8
Oe6_s03437	gi|52627273|gb|AC119572.26|	97.73	44	1	0	1033	1076	142604	142561	2e-09	76.8
Oe6_s03437	gi|52627273|gb|AC119572.26|	88.52	61	7	0	1264	1324	52194	52134	6e-09	75.0
Oe6_s03437	gi|52627273|gb|AC119572.26|	79.34	121	14	9	1188	1301	89571	89687	6e-09	75.0
Oe6_s03437	gi|52627273|gb|AC119572.26|	79.46	112	15	5	1033	1141	86824	86718	2e-08	73.1
Oe6_s03437	gi|52627273|gb|AC119572.26|	95.35	43	2	0	1034	1076	46111	46069	3e-07	69.4
Oe6_s03437	gi|52627273|gb|AC119572.26|	95.35	43	2	0	1148	1190	47714	47756	3e-07	69.4
Oe6_s03437	gi|52627273|gb|AC119572.26|	93.18	44	3	0	1033	1076	43072	43029	4e-06	65.8
Oe6_s03437	gi|52627273|gb|AC119572.26|	91.67	48	3	1	1143	1190	46115	46069	4e-06	65.8
Oe6_s03437	gi|52627273|gb|AC119572.26|	97.37	38	1	0	1108	1145	46111	46074	4e-06	65.8
Oe6_s03437	gi|52627273|gb|AC119572.26|	93.18	44	3	0	1033	1076	62088	62131	4e-06	65.8
Oe6_s03437	gi|52627273|gb|AC119572.26|	100.00	34	0	0	1266	1299	20986	21019	1e-05	63.9
Oe6_s03437	gi|52627273|gb|AC119572.26|	100.00	34	0	0	1266	1299	89610	89643	1e-05	63.9
Oe6_s03437	gi|52627273|gb|AC119572.26|	100.00	34	0	0	1266	1299	142687	142654	1e-05	63.9
Oe6_s03437	gi|52627273|gb|AC119572.26|	100.00	32	0	0	1268	1299	89571	89602	2e-04	60.2
Oe6_s03437	gi|52627273|gb|AC119572.26|	100.00	32	0	0	1188	1219	147594	147625	2e-04	60.2
Oe6_s03437	gi|52627273|gb|AC119572.26|	97.14	35	0	1	1268	1301	20947	20981	6e-04	58.4
Oe6_s03437	gi|52627273|gb|AC119572.26|	94.59	37	1	1	1266	1301	2554	2590	0.002	56.5
Oe6_s03437	gi|52627273|gb|AC119572.26|	89.13	46	0	1	1	46	43135	43175	0.028	52.8
Oe6_s03437	gi|52627273|gb|AC119572.26|	100.00	28	0	0	1	28	52254	52281	0.028	52.8
Oe6_s03437	gi|52627273|gb|AC119572.26|	89.13	46	0	1	1	46	62025	61985	0.028	52.8
Oe6_s03437	gi|1098863730|emb|LT558118.1|	84.17	139	16	6	437	572	1214574	1214709	1e-25	130
Oe6_s03437	gi|1098863086|emb|LT558117.1|	100.00	30	0	0	97	126	133982	134011	0.002	56.5
Oe6_s03437	gi|1098866463|emb|LT558123.1|	100.00	29	0	0	98	126	61850	61822	0.008	54.7
